#x		u		Ana		Error
0.000000	0.480000	0.480000	-0.000000
0.050000	174809856181692414763187003386105153085166175848518123520.000000	0.440651	-174809856181692414763187003386105153085166175848518123520.000000
0.100000	-345306259917234329919707879499481713735031925444911824896.000000	0.403675	345306259917234329919707879499481713735031925444911824896.000000
0.150000	507282856509784831960533771696359472474804334422585769984.000000	0.368944	-507282856509784831960533771696359472474804334422585769984.000000
0.200000	-656744762907731572794954468750247288191231663271569260544.000000	0.336332	656744762907731572794954468750247288191231663271569260544.000000
0.250000	790007569456086598149549598445321302567210050572383158272.000000	0.305712	-790007569456086598149549598445321302567210050572383158272.000000
0.300000	-903788469644876363348608632099062157915244053229312409600.000000	0.276957	903788469644876363348608632099062157915244053229312409600.000000
0.350000	995287234062990763834166225618259496129839001765618384896.000000	0.249941	-995287234062990763834166225618259496129839001765618384896.000000
0.400000	-1062255020970644665011593316090988040411185954506988847104.000000	0.224537	1062255020970644665011593316090988040411185954506988847104.000000
0.450000	1103049342886573203751466211386716867986333313382804881408.000000	0.200621	-1103049342886573203751466211386716867986333313382804881408.000000
0.500000	-1116673875605955560751260015954990549709643463187230621696.000000	0.178065	1116673875605955560751260015954990549709643463187230621696.000000
0.550000	1102802191526280270209204914822528928470713545483354112000.000000	0.156746	-1102802191526280270209204914822528928470713545483354112000.000000
0.600000	-1061784911147208912245265351927962916257419230905314050048.000000	0.136537	1061784911147208912245265351927962916257419230905314050048.000000
0.650000	994640183401378050575329243715669296915778864182120677376.000000	0.117316	-994640183401378050575329243715669296915778864182120677376.000000
0.700000	-903027815972112278700311042212359988358495542311391330304.000000	0.098957	903027815972112278700311042212359988358495542311391330304.000000
0.750000	789207770853447212940970091289010076418128316269613547520.000000	0.081337	-789207770853447212940970091289010076418128316269613547520.000000
0.800000	-655984109234967575258942810623791765258382654886310313984.000000	0.064332	655984109234967575258942810623791765258382654886310313984.000000
0.850000	506635805848172292926268653314262566508543201904412327936.000000	0.047819	-506635805848172292926268653314262566508543201904412327936.000000
0.900000	-344836150093798794934094744737073206141013958174892359680.000000	0.031675	344836150093798794934094744737073206141013958174892359680.000000
0.950000	174562704821399502998997189761978875225521283582232887296.000000	0.015776	-174562704821399502998997189761978875225521283582232887296.000000
1.000000	0.000000	0.000000	0.000000
