#x		f
0.000000	0.160000
0.001000	0.159647
0.002000	0.159296
0.003000	0.158945
0.004000	0.158596
0.005000	0.158247
0.006000	0.157900
0.007000	0.157553
0.008000	0.157208
0.009000	0.156863
0.010000	0.156520
0.011000	0.156177
0.012000	0.155835
0.013000	0.155495
0.014000	0.155155
0.015000	0.154816
0.016000	0.154478
0.017000	0.154142
0.018000	0.153806
0.019000	0.153471
0.020000	0.153137
0.021000	0.152804
0.022000	0.152472
0.023000	0.152141
0.024000	0.151811
0.025000	0.151481
0.026000	0.151153
0.027000	0.150826
0.028000	0.150499
0.029000	0.150174
0.030000	0.149850
0.031000	0.149526
0.032000	0.149203
0.033000	0.148882
0.034000	0.148561
0.035000	0.148241
0.036000	0.147922
0.037000	0.147604
0.038000	0.147287
0.039000	0.146970
0.040000	0.146655
0.041000	0.146341
0.042000	0.146027
0.043000	0.145715
0.044000	0.145403
0.045000	0.145092
0.046000	0.144782
0.047000	0.144473
0.048000	0.144165
0.049000	0.143858
0.050000	0.143551
0.051000	0.143246
0.052000	0.142941
0.053000	0.142638
0.054000	0.142335
0.055000	0.142033
0.056000	0.141732
0.057000	0.141432
0.058000	0.141132
0.059000	0.140834
0.060000	0.140536
0.061000	0.140239
0.062000	0.139944
0.063000	0.139648
0.064000	0.139354
0.065000	0.139061
0.066000	0.138768
0.067000	0.138477
0.068000	0.138186
0.069000	0.137896
0.070000	0.137607
0.071000	0.137319
0.072000	0.137031
0.073000	0.136745
0.074000	0.136459
0.075000	0.136174
0.076000	0.135890
0.077000	0.135606
0.078000	0.135324
0.079000	0.135042
0.080000	0.134761
0.081000	0.134481
0.082000	0.134202
0.083000	0.133924
0.084000	0.133646
0.085000	0.133369
0.086000	0.133093
0.087000	0.132818
0.088000	0.132544
0.089000	0.132270
0.090000	0.131998
0.091000	0.131726
0.092000	0.131454
0.093000	0.131184
0.094000	0.130914
0.095000	0.130645
0.096000	0.130377
0.097000	0.130110
0.098000	0.129844
0.099000	0.129578
0.100000	0.129313
0.101000	0.129049
0.102000	0.128785
0.103000	0.128523
0.104000	0.128261
0.105000	0.127999
0.106000	0.127739
0.107000	0.127479
0.108000	0.127221
0.109000	0.126962
0.110000	0.126705
0.111000	0.126448
0.112000	0.126193
0.113000	0.125937
0.114000	0.125683
0.115000	0.125429
0.116000	0.125176
0.117000	0.124924
0.118000	0.124673
0.119000	0.124422
0.120000	0.124172
0.121000	0.123923
0.122000	0.123674
0.123000	0.123426
0.124000	0.123179
0.125000	0.122933
0.126000	0.122687
0.127000	0.122442
0.128000	0.122198
0.129000	0.121955
0.130000	0.121712
0.131000	0.121470
0.132000	0.121228
0.133000	0.120987
0.134000	0.120747
0.135000	0.120508
0.136000	0.120269
0.137000	0.120031
0.138000	0.119794
0.139000	0.119558
0.140000	0.119322
0.141000	0.119086
0.142000	0.118852
0.143000	0.118618
0.144000	0.118385
0.145000	0.118152
0.146000	0.117920
0.147000	0.117689
0.148000	0.117459
0.149000	0.117229
0.150000	0.117000
0.151000	0.116771
0.152000	0.116543
0.153000	0.116316
0.154000	0.116090
0.155000	0.115864
0.156000	0.115638
0.157000	0.115414
0.158000	0.115190
0.159000	0.114967
0.160000	0.114744
0.161000	0.114522
0.162000	0.114301
0.163000	0.114080
0.164000	0.113860
0.165000	0.113640
0.166000	0.113421
0.167000	0.113203
0.168000	0.112985
0.169000	0.112768
0.170000	0.112552
0.171000	0.112336
0.172000	0.112121
0.173000	0.111907
0.174000	0.111693
0.175000	0.111479
0.176000	0.111267
0.177000	0.111055
0.178000	0.110843
0.179000	0.110632
0.180000	0.110422
0.181000	0.110212
0.182000	0.110003
0.183000	0.109795
0.184000	0.109587
0.185000	0.109380
0.186000	0.109173
0.187000	0.108967
0.188000	0.108761
0.189000	0.108556
0.190000	0.108352
0.191000	0.108148
0.192000	0.107945
0.193000	0.107742
0.194000	0.107540
0.195000	0.107338
0.196000	0.107137
0.197000	0.106937
0.198000	0.106737
0.199000	0.106538
0.200000	0.106339
0.201000	0.106141
0.202000	0.105944
0.203000	0.105747
0.204000	0.105550
0.205000	0.105354
0.206000	0.105159
0.207000	0.104964
0.208000	0.104770
0.209000	0.104576
0.210000	0.104383
0.211000	0.104190
0.212000	0.103998
0.213000	0.103806
0.214000	0.103615
0.215000	0.103425
0.216000	0.103234
0.217000	0.103045
0.218000	0.102856
0.219000	0.102668
0.220000	0.102480
0.221000	0.102292
0.222000	0.102105
0.223000	0.101919
0.224000	0.101733
0.225000	0.101548
0.226000	0.101363
0.227000	0.101179
0.228000	0.100995
0.229000	0.100811
0.230000	0.100629
0.231000	0.100446
0.232000	0.100264
0.233000	0.100083
0.234000	0.099902
0.235000	0.099722
0.236000	0.099542
0.237000	0.099363
0.238000	0.099184
0.239000	0.099005
0.240000	0.098828
0.241000	0.098650
0.242000	0.098473
0.243000	0.098297
0.244000	0.098121
0.245000	0.097945
0.246000	0.097770
0.247000	0.097596
0.248000	0.097421
0.249000	0.097248
0.250000	0.097075
0.251000	0.096902
0.252000	0.096730
0.253000	0.096558
0.254000	0.096387
0.255000	0.096216
0.256000	0.096045
0.257000	0.095875
0.258000	0.095706
0.259000	0.095537
0.260000	0.095368
0.261000	0.095200
0.262000	0.095032
0.263000	0.094865
0.264000	0.094698
0.265000	0.094532
0.266000	0.094366
0.267000	0.094200
0.268000	0.094035
0.269000	0.093870
0.270000	0.093706
0.271000	0.093542
0.272000	0.093379
0.273000	0.093216
0.274000	0.093053
0.275000	0.092891
0.276000	0.092729
0.277000	0.092568
0.278000	0.092407
0.279000	0.092247
0.280000	0.092087
0.281000	0.091927
0.282000	0.091768
0.283000	0.091609
0.284000	0.091451
0.285000	0.091293
0.286000	0.091135
0.287000	0.090978
0.288000	0.090821
0.289000	0.090665
0.290000	0.090509
0.291000	0.090353
0.292000	0.090198
0.293000	0.090043
0.294000	0.089888
0.295000	0.089734
0.296000	0.089581
0.297000	0.089427
0.298000	0.089274
0.299000	0.089122
0.300000	0.088970
0.301000	0.088818
0.302000	0.088667
0.303000	0.088516
0.304000	0.088365
0.305000	0.088215
0.306000	0.088065
0.307000	0.087915
0.308000	0.087766
0.309000	0.087617
0.310000	0.087469
0.311000	0.087321
0.312000	0.087173
0.313000	0.087026
0.314000	0.086879
0.315000	0.086732
0.316000	0.086586
0.317000	0.086440
0.318000	0.086294
0.319000	0.086149
0.320000	0.086004
0.321000	0.085860
0.322000	0.085715
0.323000	0.085571
0.324000	0.085428
0.325000	0.085285
0.326000	0.085142
0.327000	0.085000
0.328000	0.084857
0.329000	0.084716
0.330000	0.084574
0.331000	0.084433
0.332000	0.084292
0.333000	0.084152
0.334000	0.084011
0.335000	0.083872
0.336000	0.083732
0.337000	0.083593
0.338000	0.083454
0.339000	0.083315
0.340000	0.083177
0.341000	0.083039
0.342000	0.082902
0.343000	0.082764
0.344000	0.082628
0.345000	0.082491
0.346000	0.082355
0.347000	0.082218
0.348000	0.082083
0.349000	0.081947
0.350000	0.081812
0.351000	0.081677
0.352000	0.081543
0.353000	0.081409
0.354000	0.081275
0.355000	0.081141
0.356000	0.081008
0.357000	0.080875
0.358000	0.080742
0.359000	0.080610
0.360000	0.080478
0.361000	0.080346
0.362000	0.080214
0.363000	0.080083
0.364000	0.079952
0.365000	0.079821
0.366000	0.079691
0.367000	0.079561
0.368000	0.079431
0.369000	0.079301
0.370000	0.079172
0.371000	0.079043
0.372000	0.078914
0.373000	0.078786
0.374000	0.078657
0.375000	0.078530
0.376000	0.078402
0.377000	0.078274
0.378000	0.078147
0.379000	0.078021
0.380000	0.077894
0.381000	0.077768
0.382000	0.077642
0.383000	0.077516
0.384000	0.077390
0.385000	0.077265
0.386000	0.077140
0.387000	0.077015
0.388000	0.076891
0.389000	0.076766
0.390000	0.076642
0.391000	0.076519
0.392000	0.076395
0.393000	0.076272
0.394000	0.076149
0.395000	0.076026
0.396000	0.075904
0.397000	0.075781
0.398000	0.075659
0.399000	0.075538
0.400000	0.075416
0.401000	0.075295
0.402000	0.075174
0.403000	0.075053
0.404000	0.074932
0.405000	0.074812
0.406000	0.074692
0.407000	0.074572
0.408000	0.074452
0.409000	0.074333
0.410000	0.074214
0.411000	0.074095
0.412000	0.073976
0.413000	0.073858
0.414000	0.073739
0.415000	0.073621
0.416000	0.073503
0.417000	0.073386
0.418000	0.073268
0.419000	0.073151
0.420000	0.073034
0.421000	0.072918
0.422000	0.072801
0.423000	0.072685
0.424000	0.072569
0.425000	0.072453
0.426000	0.072337
0.427000	0.072222
0.428000	0.072106
0.429000	0.071991
0.430000	0.071877
0.431000	0.071762
0.432000	0.071648
0.433000	0.071533
0.434000	0.071419
0.435000	0.071306
0.436000	0.071192
0.437000	0.071079
0.438000	0.070965
0.439000	0.070852
0.440000	0.070740
0.441000	0.070627
0.442000	0.070515
0.443000	0.070402
0.444000	0.070290
0.445000	0.070179
0.446000	0.070067
0.447000	0.069956
0.448000	0.069844
0.449000	0.069733
0.450000	0.069622
0.451000	0.069512
0.452000	0.069401
0.453000	0.069291
0.454000	0.069181
0.455000	0.069071
0.456000	0.068961
0.457000	0.068852
0.458000	0.068742
0.459000	0.068633
0.460000	0.068524
0.461000	0.068415
0.462000	0.068307
0.463000	0.068198
0.464000	0.068090
0.465000	0.067982
0.466000	0.067874
0.467000	0.067766
0.468000	0.067658
0.469000	0.067551
0.470000	0.067444
0.471000	0.067336
0.472000	0.067229
0.473000	0.067123
0.474000	0.067016
0.475000	0.066910
0.476000	0.066803
0.477000	0.066697
0.478000	0.066591
0.479000	0.066486
0.480000	0.066380
0.481000	0.066275
0.482000	0.066169
0.483000	0.066064
0.484000	0.065959
0.485000	0.065854
0.486000	0.065750
0.487000	0.065645
0.488000	0.065541
0.489000	0.065437
0.490000	0.065333
0.491000	0.065229
0.492000	0.065125
0.493000	0.065021
0.494000	0.064918
0.495000	0.064815
0.496000	0.064712
0.497000	0.064609
0.498000	0.064506
0.499000	0.064403
0.500000	0.064301
0.501000	0.064198
0.502000	0.064096
0.503000	0.063994
0.504000	0.063892
0.505000	0.063790
0.506000	0.063688
0.507000	0.063587
0.508000	0.063485
0.509000	0.063384
0.510000	0.063283
0.511000	0.063182
0.512000	0.063081
0.513000	0.062981
0.514000	0.062880
0.515000	0.062780
0.516000	0.062679
0.517000	0.062579
0.518000	0.062479
0.519000	0.062379
0.520000	0.062280
0.521000	0.062180
0.522000	0.062080
0.523000	0.061981
0.524000	0.061882
0.525000	0.061783
0.526000	0.061684
0.527000	0.061585
0.528000	0.061486
0.529000	0.061388
0.530000	0.061289
0.531000	0.061191
0.532000	0.061093
0.533000	0.060995
0.534000	0.060897
0.535000	0.060799
0.536000	0.060701
0.537000	0.060603
0.538000	0.060506
0.539000	0.060409
0.540000	0.060311
0.541000	0.060214
0.542000	0.060117
0.543000	0.060021
0.544000	0.059924
0.545000	0.059827
0.546000	0.059731
0.547000	0.059634
0.548000	0.059538
0.549000	0.059442
0.550000	0.059346
0.551000	0.059250
0.552000	0.059154
0.553000	0.059058
0.554000	0.058963
0.555000	0.058867
0.556000	0.058772
0.557000	0.058677
0.558000	0.058581
0.559000	0.058486
0.560000	0.058391
0.561000	0.058297
0.562000	0.058202
0.563000	0.058107
0.564000	0.058013
0.565000	0.057918
0.566000	0.057824
0.567000	0.057730
0.568000	0.057636
0.569000	0.057542
0.570000	0.057448
0.571000	0.057354
0.572000	0.057261
0.573000	0.057167
0.574000	0.057074
0.575000	0.056980
0.576000	0.056887
0.577000	0.056794
0.578000	0.056701
0.579000	0.056608
0.580000	0.056515
0.581000	0.056422
0.582000	0.056330
0.583000	0.056237
0.584000	0.056145
0.585000	0.056052
0.586000	0.055960
0.587000	0.055868
0.588000	0.055776
0.589000	0.055684
0.590000	0.055592
0.591000	0.055500
0.592000	0.055409
0.593000	0.055317
0.594000	0.055226
0.595000	0.055134
0.596000	0.055043
0.597000	0.054952
0.598000	0.054861
0.599000	0.054770
0.600000	0.054679
0.601000	0.054588
0.602000	0.054497
0.603000	0.054407
0.604000	0.054316
0.605000	0.054226
0.606000	0.054135
0.607000	0.054045
0.608000	0.053955
0.609000	0.053865
0.610000	0.053775
0.611000	0.053685
0.612000	0.053595
0.613000	0.053505
0.614000	0.053416
0.615000	0.053326
0.616000	0.053236
0.617000	0.053147
0.618000	0.053058
0.619000	0.052969
0.620000	0.052879
0.621000	0.052790
0.622000	0.052701
0.623000	0.052612
0.624000	0.052524
0.625000	0.052435
0.626000	0.052346
0.627000	0.052258
0.628000	0.052169
0.629000	0.052081
0.630000	0.051993
0.631000	0.051904
0.632000	0.051816
0.633000	0.051728
0.634000	0.051640
0.635000	0.051552
0.636000	0.051464
0.637000	0.051377
0.638000	0.051289
0.639000	0.051201
0.640000	0.051114
0.641000	0.051026
0.642000	0.050939
0.643000	0.050852
0.644000	0.050765
0.645000	0.050678
0.646000	0.050591
0.647000	0.050504
0.648000	0.050417
0.649000	0.050330
0.650000	0.050243
0.651000	0.050157
0.652000	0.050070
0.653000	0.049984
0.654000	0.049897
0.655000	0.049811
0.656000	0.049725
0.657000	0.049638
0.658000	0.049552
0.659000	0.049466
0.660000	0.049380
0.661000	0.049294
0.662000	0.049209
0.663000	0.049123
0.664000	0.049037
0.665000	0.048952
0.666000	0.048866
0.667000	0.048781
0.668000	0.048695
0.669000	0.048610
0.670000	0.048525
0.671000	0.048440
0.672000	0.048355
0.673000	0.048270
0.674000	0.048185
0.675000	0.048100
0.676000	0.048015
0.677000	0.047930
0.678000	0.047846
0.679000	0.047761
0.680000	0.047677
0.681000	0.047592
0.682000	0.047508
0.683000	0.047424
0.684000	0.047339
0.685000	0.047255
0.686000	0.047171
0.687000	0.047087
0.688000	0.047003
0.689000	0.046920
0.690000	0.046836
0.691000	0.046752
0.692000	0.046668
0.693000	0.046585
0.694000	0.046501
0.695000	0.046418
0.696000	0.046335
0.697000	0.046251
0.698000	0.046168
0.699000	0.046085
0.700000	0.046002
0.701000	0.045919
0.702000	0.045836
0.703000	0.045753
0.704000	0.045670
0.705000	0.045587
0.706000	0.045505
0.707000	0.045422
0.708000	0.045340
0.709000	0.045257
0.710000	0.045175
0.711000	0.045092
0.712000	0.045010
0.713000	0.044928
0.714000	0.044846
0.715000	0.044764
0.716000	0.044682
0.717000	0.044600
0.718000	0.044518
0.719000	0.044436
0.720000	0.044354
0.721000	0.044273
0.722000	0.044191
0.723000	0.044110
0.724000	0.044028
0.725000	0.043947
0.726000	0.043866
0.727000	0.043784
0.728000	0.043703
0.729000	0.043622
0.730000	0.043541
0.731000	0.043460
0.732000	0.043379
0.733000	0.043298
0.734000	0.043217
0.735000	0.043137
0.736000	0.043056
0.737000	0.042975
0.738000	0.042895
0.739000	0.042814
0.740000	0.042734
0.741000	0.042654
0.742000	0.042574
0.743000	0.042493
0.744000	0.042413
0.745000	0.042333
0.746000	0.042253
0.747000	0.042173
0.748000	0.042093
0.749000	0.042014
0.750000	0.041934
0.751000	0.041854
0.752000	0.041775
0.753000	0.041695
0.754000	0.041616
0.755000	0.041536
0.756000	0.041457
0.757000	0.041378
0.758000	0.041298
0.759000	0.041219
0.760000	0.041140
0.761000	0.041061
0.762000	0.040982
0.763000	0.040903
0.764000	0.040825
0.765000	0.040746
0.766000	0.040667
0.767000	0.040589
0.768000	0.040510
0.769000	0.040432
0.770000	0.040353
0.771000	0.040275
0.772000	0.040197
0.773000	0.040118
0.774000	0.040040
0.775000	0.039962
0.776000	0.039884
0.777000	0.039806
0.778000	0.039728
0.779000	0.039650
0.780000	0.039573
0.781000	0.039495
0.782000	0.039417
0.783000	0.039340
0.784000	0.039262
0.785000	0.039185
0.786000	0.039108
0.787000	0.039030
0.788000	0.038953
0.789000	0.038876
0.790000	0.038799
0.791000	0.038722
0.792000	0.038645
0.793000	0.038568
0.794000	0.038491
0.795000	0.038414
0.796000	0.038338
0.797000	0.038261
0.798000	0.038185
0.799000	0.038108
0.800000	0.038032
0.801000	0.037955
0.802000	0.037879
0.803000	0.037803
0.804000	0.037727
0.805000	0.037651
0.806000	0.037575
0.807000	0.037499
0.808000	0.037423
0.809000	0.037347
0.810000	0.037271
0.811000	0.037196
0.812000	0.037120
0.813000	0.037044
0.814000	0.036969
0.815000	0.036893
0.816000	0.036818
0.817000	0.036743
0.818000	0.036668
0.819000	0.036593
0.820000	0.036517
0.821000	0.036442
0.822000	0.036368
0.823000	0.036293
0.824000	0.036218
0.825000	0.036143
0.826000	0.036068
0.827000	0.035994
0.828000	0.035919
0.829000	0.035845
0.830000	0.035770
0.831000	0.035696
0.832000	0.035622
0.833000	0.035548
0.834000	0.035474
0.835000	0.035400
0.836000	0.035326
0.837000	0.035252
0.838000	0.035178
0.839000	0.035104
0.840000	0.035030
0.841000	0.034957
0.842000	0.034883
0.843000	0.034810
0.844000	0.034736
0.845000	0.034663
0.846000	0.034590
0.847000	0.034516
0.848000	0.034443
0.849000	0.034370
0.850000	0.034297
0.851000	0.034224
0.852000	0.034151
0.853000	0.034079
0.854000	0.034006
0.855000	0.033933
0.856000	0.033861
0.857000	0.033788
0.858000	0.033716
0.859000	0.033643
0.860000	0.033571
0.861000	0.033499
0.862000	0.033427
0.863000	0.033355
0.864000	0.033283
0.865000	0.033211
0.866000	0.033139
0.867000	0.033067
0.868000	0.032995
0.869000	0.032924
0.870000	0.032852
0.871000	0.032781
0.872000	0.032709
0.873000	0.032638
0.874000	0.032566
0.875000	0.032495
0.876000	0.032424
0.877000	0.032353
0.878000	0.032282
0.879000	0.032211
0.880000	0.032140
0.881000	0.032069
0.882000	0.031999
0.883000	0.031928
0.884000	0.031858
0.885000	0.031787
0.886000	0.031717
0.887000	0.031646
0.888000	0.031576
0.889000	0.031506
0.890000	0.031436
0.891000	0.031366
0.892000	0.031296
0.893000	0.031226
0.894000	0.031156
0.895000	0.031086
0.896000	0.031017
0.897000	0.030947
0.898000	0.030877
0.899000	0.030808
0.900000	0.030739
0.901000	0.030669
0.902000	0.030600
0.903000	0.030531
0.904000	0.030462
0.905000	0.030393
0.906000	0.030324
0.907000	0.030255
0.908000	0.030186
0.909000	0.030118
0.910000	0.030049
0.911000	0.029980
0.912000	0.029912
0.913000	0.029844
0.914000	0.029775
0.915000	0.029707
0.916000	0.029639
0.917000	0.029571
0.918000	0.029503
0.919000	0.029435
0.920000	0.029367
0.921000	0.029299
0.922000	0.029232
0.923000	0.029164
0.924000	0.029096
0.925000	0.029029
0.926000	0.028961
0.927000	0.028894
0.928000	0.028827
0.929000	0.028760
0.930000	0.028693
0.931000	0.028626
0.932000	0.028559
0.933000	0.028492
0.934000	0.028425
0.935000	0.028358
0.936000	0.028292
0.937000	0.028225
0.938000	0.028159
0.939000	0.028093
0.940000	0.028026
0.941000	0.027960
0.942000	0.027894
0.943000	0.027828
0.944000	0.027762
0.945000	0.027696
0.946000	0.027630
0.947000	0.027564
0.948000	0.027499
0.949000	0.027433
0.950000	0.027368
0.951000	0.027302
0.952000	0.027237
0.953000	0.027172
0.954000	0.027107
0.955000	0.027041
0.956000	0.026976
0.957000	0.026911
0.958000	0.026847
0.959000	0.026782
0.960000	0.026717
0.961000	0.026653
0.962000	0.026588
0.963000	0.026524
0.964000	0.026459
0.965000	0.026395
0.966000	0.026331
0.967000	0.026267
0.968000	0.026203
0.969000	0.026139
0.970000	0.026075
0.971000	0.026011
0.972000	0.025947
0.973000	0.025884
0.974000	0.025820
0.975000	0.025757
0.976000	0.025693
0.977000	0.025630
0.978000	0.025567
0.979000	0.025504
0.980000	0.025441
0.981000	0.025378
0.982000	0.025315
0.983000	0.025252
0.984000	0.025189
0.985000	0.025127
0.986000	0.025064
0.987000	0.025002
0.988000	0.024939
0.989000	0.024877
0.990000	0.024815
0.991000	0.024753
0.992000	0.024691
0.993000	0.024629
0.994000	0.024567
0.995000	0.024505
0.996000	0.024443
0.997000	0.024382
0.998000	0.024320
0.999000	0.024259
1.000000	0.024197
