#x		f
0.000000	0.240000
0.001000	0.239568
0.002000	0.239137
0.003000	0.238707
0.004000	0.238279
0.005000	0.237851
0.006000	0.237424
0.007000	0.236998
0.008000	0.236573
0.009000	0.236149
0.010000	0.235726
0.011000	0.235304
0.012000	0.234883
0.013000	0.234463
0.014000	0.234044
0.015000	0.233626
0.016000	0.233209
0.017000	0.232793
0.018000	0.232378
0.019000	0.231964
0.020000	0.231551
0.021000	0.231139
0.022000	0.230727
0.023000	0.230317
0.024000	0.229908
0.025000	0.229499
0.026000	0.229092
0.027000	0.228685
0.028000	0.228280
0.029000	0.227875
0.030000	0.227471
0.031000	0.227069
0.032000	0.226667
0.033000	0.226266
0.034000	0.225866
0.035000	0.225467
0.036000	0.225069
0.037000	0.224672
0.038000	0.224276
0.039000	0.223881
0.040000	0.223486
0.041000	0.223093
0.042000	0.222700
0.043000	0.222309
0.044000	0.221918
0.045000	0.221529
0.046000	0.221140
0.047000	0.220752
0.048000	0.220365
0.049000	0.219979
0.050000	0.219594
0.051000	0.219209
0.052000	0.218826
0.053000	0.218444
0.054000	0.218062
0.055000	0.217681
0.056000	0.217302
0.057000	0.216923
0.058000	0.216545
0.059000	0.216168
0.060000	0.215791
0.061000	0.215416
0.062000	0.215042
0.063000	0.214668
0.064000	0.214295
0.065000	0.213924
0.066000	0.213553
0.067000	0.213183
0.068000	0.212814
0.069000	0.212445
0.070000	0.212078
0.071000	0.211711
0.072000	0.211346
0.073000	0.210981
0.074000	0.210617
0.075000	0.210254
0.076000	0.209891
0.077000	0.209530
0.078000	0.209170
0.079000	0.208810
0.080000	0.208451
0.081000	0.208093
0.082000	0.207736
0.083000	0.207380
0.084000	0.207024
0.085000	0.206669
0.086000	0.206316
0.087000	0.205963
0.088000	0.205611
0.089000	0.205259
0.090000	0.204909
0.091000	0.204559
0.092000	0.204211
0.093000	0.203863
0.094000	0.203516
0.095000	0.203169
0.096000	0.202824
0.097000	0.202479
0.098000	0.202135
0.099000	0.201792
0.100000	0.201450
0.101000	0.201109
0.102000	0.200768
0.103000	0.200428
0.104000	0.200089
0.105000	0.199751
0.106000	0.199414
0.107000	0.199077
0.108000	0.198741
0.109000	0.198406
0.110000	0.198072
0.111000	0.197739
0.112000	0.197406
0.113000	0.197074
0.114000	0.196743
0.115000	0.196413
0.116000	0.196084
0.117000	0.195755
0.118000	0.195427
0.119000	0.195100
0.120000	0.194773
0.121000	0.194448
0.122000	0.194123
0.123000	0.193799
0.124000	0.193476
0.125000	0.193153
0.126000	0.192832
0.127000	0.192511
0.128000	0.192190
0.129000	0.191871
0.130000	0.191552
0.131000	0.191234
0.132000	0.190917
0.133000	0.190601
0.134000	0.190285
0.135000	0.189970
0.136000	0.189656
0.137000	0.189343
0.138000	0.189030
0.139000	0.188718
0.140000	0.188407
0.141000	0.188096
0.142000	0.187787
0.143000	0.187478
0.144000	0.187169
0.145000	0.186862
0.146000	0.186555
0.147000	0.186249
0.148000	0.185943
0.149000	0.185639
0.150000	0.185335
0.151000	0.185032
0.152000	0.184729
0.153000	0.184428
0.154000	0.184127
0.155000	0.183826
0.156000	0.183527
0.157000	0.183228
0.158000	0.182929
0.159000	0.182632
0.160000	0.182335
0.161000	0.182039
0.162000	0.181744
0.163000	0.181449
0.164000	0.181155
0.165000	0.180862
0.166000	0.180569
0.167000	0.180277
0.168000	0.179986
0.169000	0.179695
0.170000	0.179406
0.171000	0.179116
0.172000	0.178828
0.173000	0.178540
0.174000	0.178253
0.175000	0.177967
0.176000	0.177681
0.177000	0.177396
0.178000	0.177111
0.179000	0.176828
0.180000	0.176545
0.181000	0.176262
0.182000	0.175980
0.183000	0.175699
0.184000	0.175419
0.185000	0.175139
0.186000	0.174860
0.187000	0.174582
0.188000	0.174304
0.189000	0.174027
0.190000	0.173750
0.191000	0.173474
0.192000	0.173199
0.193000	0.172925
0.194000	0.172651
0.195000	0.172377
0.196000	0.172105
0.197000	0.171833
0.198000	0.171561
0.199000	0.171291
0.200000	0.171021
0.201000	0.170751
0.202000	0.170482
0.203000	0.170214
0.204000	0.169947
0.205000	0.169680
0.206000	0.169414
0.207000	0.169148
0.208000	0.168883
0.209000	0.168618
0.210000	0.168355
0.211000	0.168091
0.212000	0.167829
0.213000	0.167567
0.214000	0.167305
0.215000	0.167045
0.216000	0.166784
0.217000	0.166525
0.218000	0.166266
0.219000	0.166008
0.220000	0.165750
0.221000	0.165493
0.222000	0.165236
0.223000	0.164980
0.224000	0.164725
0.225000	0.164470
0.226000	0.164216
0.227000	0.163962
0.228000	0.163709
0.229000	0.163457
0.230000	0.163205
0.231000	0.162954
0.232000	0.162703
0.233000	0.162453
0.234000	0.162204
0.235000	0.161955
0.236000	0.161706
0.237000	0.161458
0.238000	0.161211
0.239000	0.160965
0.240000	0.160719
0.241000	0.160473
0.242000	0.160228
0.243000	0.159984
0.244000	0.159740
0.245000	0.159497
0.246000	0.159254
0.247000	0.159012
0.248000	0.158770
0.249000	0.158529
0.250000	0.158289
0.251000	0.158049
0.252000	0.157809
0.253000	0.157570
0.254000	0.157332
0.255000	0.157094
0.256000	0.156857
0.257000	0.156620
0.258000	0.156384
0.259000	0.156149
0.260000	0.155913
0.261000	0.155679
0.262000	0.155445
0.263000	0.155211
0.264000	0.154978
0.265000	0.154746
0.266000	0.154514
0.267000	0.154283
0.268000	0.154052
0.269000	0.153822
0.270000	0.153592
0.271000	0.153362
0.272000	0.153134
0.273000	0.152905
0.274000	0.152678
0.275000	0.152450
0.276000	0.152224
0.277000	0.151997
0.278000	0.151772
0.279000	0.151547
0.280000	0.151322
0.281000	0.151098
0.282000	0.150874
0.283000	0.150651
0.284000	0.150428
0.285000	0.150206
0.286000	0.149984
0.287000	0.149763
0.288000	0.149542
0.289000	0.149322
0.290000	0.149102
0.291000	0.148883
0.292000	0.148664
0.293000	0.148446
0.294000	0.148228
0.295000	0.148011
0.296000	0.147794
0.297000	0.147578
0.298000	0.147362
0.299000	0.147146
0.300000	0.146931
0.301000	0.146717
0.302000	0.146503
0.303000	0.146289
0.304000	0.146076
0.305000	0.145864
0.306000	0.145651
0.307000	0.145440
0.308000	0.145229
0.309000	0.145018
0.310000	0.144808
0.311000	0.144598
0.312000	0.144388
0.313000	0.144179
0.314000	0.143971
0.315000	0.143763
0.316000	0.143555
0.317000	0.143348
0.318000	0.143142
0.319000	0.142935
0.320000	0.142730
0.321000	0.142524
0.322000	0.142319
0.323000	0.142115
0.324000	0.141911
0.325000	0.141707
0.326000	0.141504
0.327000	0.141301
0.328000	0.141099
0.329000	0.140897
0.330000	0.140696
0.331000	0.140495
0.332000	0.140294
0.333000	0.140094
0.334000	0.139895
0.335000	0.139695
0.336000	0.139496
0.337000	0.139298
0.338000	0.139100
0.339000	0.138902
0.340000	0.138705
0.341000	0.138508
0.342000	0.138312
0.343000	0.138116
0.344000	0.137921
0.345000	0.137725
0.346000	0.137531
0.347000	0.137336
0.348000	0.137142
0.349000	0.136949
0.350000	0.136756
0.351000	0.136563
0.352000	0.136371
0.353000	0.136179
0.354000	0.135987
0.355000	0.135796
0.356000	0.135606
0.357000	0.135415
0.358000	0.135225
0.359000	0.135036
0.360000	0.134847
0.361000	0.134658
0.362000	0.134470
0.363000	0.134282
0.364000	0.134094
0.365000	0.133907
0.366000	0.133720
0.367000	0.133533
0.368000	0.133347
0.369000	0.133162
0.370000	0.132976
0.371000	0.132791
0.372000	0.132607
0.373000	0.132423
0.374000	0.132239
0.375000	0.132055
0.376000	0.131872
0.377000	0.131689
0.378000	0.131507
0.379000	0.131325
0.380000	0.131143
0.381000	0.130962
0.382000	0.130781
0.383000	0.130601
0.384000	0.130420
0.385000	0.130241
0.386000	0.130061
0.387000	0.129882
0.388000	0.129703
0.389000	0.129525
0.390000	0.129347
0.391000	0.129169
0.392000	0.128992
0.393000	0.128815
0.394000	0.128638
0.395000	0.128462
0.396000	0.128286
0.397000	0.128110
0.398000	0.127935
0.399000	0.127760
0.400000	0.127585
0.401000	0.127411
0.402000	0.127237
0.403000	0.127063
0.404000	0.126890
0.405000	0.126717
0.406000	0.126544
0.407000	0.126372
0.408000	0.126200
0.409000	0.126028
0.410000	0.125857
0.411000	0.125686
0.412000	0.125515
0.413000	0.125345
0.414000	0.125175
0.415000	0.125005
0.416000	0.124836
0.417000	0.124667
0.418000	0.124498
0.419000	0.124330
0.420000	0.124161
0.421000	0.123994
0.422000	0.123826
0.423000	0.123659
0.424000	0.123492
0.425000	0.123325
0.426000	0.123159
0.427000	0.122993
0.428000	0.122828
0.429000	0.122662
0.430000	0.122497
0.431000	0.122332
0.432000	0.122168
0.433000	0.122004
0.434000	0.121840
0.435000	0.121677
0.436000	0.121513
0.437000	0.121350
0.438000	0.121188
0.439000	0.121025
0.440000	0.120863
0.441000	0.120701
0.442000	0.120540
0.443000	0.120379
0.444000	0.120218
0.445000	0.120057
0.446000	0.119897
0.447000	0.119737
0.448000	0.119577
0.449000	0.119418
0.450000	0.119258
0.451000	0.119099
0.452000	0.118941
0.453000	0.118782
0.454000	0.118624
0.455000	0.118467
0.456000	0.118309
0.457000	0.118152
0.458000	0.117995
0.459000	0.117838
0.460000	0.117682
0.461000	0.117525
0.462000	0.117369
0.463000	0.117214
0.464000	0.117058
0.465000	0.116903
0.466000	0.116748
0.467000	0.116594
0.468000	0.116440
0.469000	0.116286
0.470000	0.116132
0.471000	0.115978
0.472000	0.115825
0.473000	0.115672
0.474000	0.115519
0.475000	0.115367
0.476000	0.115214
0.477000	0.115062
0.478000	0.114911
0.479000	0.114759
0.480000	0.114608
0.481000	0.114457
0.482000	0.114306
0.483000	0.114156
0.484000	0.114005
0.485000	0.113855
0.486000	0.113706
0.487000	0.113556
0.488000	0.113407
0.489000	0.113258
0.490000	0.113109
0.491000	0.112960
0.492000	0.112812
0.493000	0.112664
0.494000	0.112516
0.495000	0.112368
0.496000	0.112221
0.497000	0.112074
0.498000	0.111927
0.499000	0.111780
0.500000	0.111634
0.501000	0.111488
0.502000	0.111342
0.503000	0.111196
0.504000	0.111050
0.505000	0.110905
0.506000	0.110760
0.507000	0.110615
0.508000	0.110471
0.509000	0.110326
0.510000	0.110182
0.511000	0.110038
0.512000	0.109894
0.513000	0.109751
0.514000	0.109608
0.515000	0.109465
0.516000	0.109322
0.517000	0.109179
0.518000	0.109037
0.519000	0.108894
0.520000	0.108752
0.521000	0.108611
0.522000	0.108469
0.523000	0.108328
0.524000	0.108187
0.525000	0.108046
0.526000	0.107905
0.527000	0.107764
0.528000	0.107624
0.529000	0.107484
0.530000	0.107344
0.531000	0.107204
0.532000	0.107065
0.533000	0.106926
0.534000	0.106786
0.535000	0.106648
0.536000	0.106509
0.537000	0.106370
0.538000	0.106232
0.539000	0.106094
0.540000	0.105956
0.541000	0.105818
0.542000	0.105681
0.543000	0.105544
0.544000	0.105406
0.545000	0.105270
0.546000	0.105133
0.547000	0.104996
0.548000	0.104860
0.549000	0.104724
0.550000	0.104588
0.551000	0.104452
0.552000	0.104316
0.553000	0.104181
0.554000	0.104046
0.555000	0.103911
0.556000	0.103776
0.557000	0.103641
0.558000	0.103507
0.559000	0.103373
0.560000	0.103238
0.561000	0.103105
0.562000	0.102971
0.563000	0.102837
0.564000	0.102704
0.565000	0.102571
0.566000	0.102438
0.567000	0.102305
0.568000	0.102172
0.569000	0.102039
0.570000	0.101907
0.571000	0.101775
0.572000	0.101643
0.573000	0.101511
0.574000	0.101380
0.575000	0.101248
0.576000	0.101117
0.577000	0.100986
0.578000	0.100855
0.579000	0.100724
0.580000	0.100593
0.581000	0.100463
0.582000	0.100332
0.583000	0.100202
0.584000	0.100072
0.585000	0.099943
0.586000	0.099813
0.587000	0.099683
0.588000	0.099554
0.589000	0.099425
0.590000	0.099296
0.591000	0.099167
0.592000	0.099038
0.593000	0.098910
0.594000	0.098782
0.595000	0.098653
0.596000	0.098525
0.597000	0.098397
0.598000	0.098270
0.599000	0.098142
0.600000	0.098015
0.601000	0.097887
0.602000	0.097760
0.603000	0.097633
0.604000	0.097507
0.605000	0.097380
0.606000	0.097253
0.607000	0.097127
0.608000	0.097001
0.609000	0.096875
0.610000	0.096749
0.611000	0.096623
0.612000	0.096497
0.613000	0.096372
0.614000	0.096247
0.615000	0.096122
0.616000	0.095996
0.617000	0.095872
0.618000	0.095747
0.619000	0.095622
0.620000	0.095498
0.621000	0.095373
0.622000	0.095249
0.623000	0.095125
0.624000	0.095001
0.625000	0.094878
0.626000	0.094754
0.627000	0.094630
0.628000	0.094507
0.629000	0.094384
0.630000	0.094261
0.631000	0.094138
0.632000	0.094015
0.633000	0.093892
0.634000	0.093770
0.635000	0.093647
0.636000	0.093525
0.637000	0.093403
0.638000	0.093281
0.639000	0.093159
0.640000	0.093037
0.641000	0.092916
0.642000	0.092794
0.643000	0.092673
0.644000	0.092552
0.645000	0.092431
0.646000	0.092310
0.647000	0.092189
0.648000	0.092068
0.649000	0.091948
0.650000	0.091827
0.651000	0.091707
0.652000	0.091587
0.653000	0.091467
0.654000	0.091347
0.655000	0.091227
0.656000	0.091107
0.657000	0.090987
0.658000	0.090868
0.659000	0.090749
0.660000	0.090629
0.661000	0.090510
0.662000	0.090391
0.663000	0.090272
0.664000	0.090154
0.665000	0.090035
0.666000	0.089917
0.667000	0.089798
0.668000	0.089680
0.669000	0.089562
0.670000	0.089444
0.671000	0.089326
0.672000	0.089208
0.673000	0.089090
0.674000	0.088973
0.675000	0.088855
0.676000	0.088738
0.677000	0.088621
0.678000	0.088504
0.679000	0.088387
0.680000	0.088270
0.681000	0.088153
0.682000	0.088036
0.683000	0.087920
0.684000	0.087803
0.685000	0.087687
0.686000	0.087571
0.687000	0.087454
0.688000	0.087338
0.689000	0.087223
0.690000	0.087107
0.691000	0.086991
0.692000	0.086875
0.693000	0.086760
0.694000	0.086645
0.695000	0.086529
0.696000	0.086414
0.697000	0.086299
0.698000	0.086184
0.699000	0.086069
0.700000	0.085955
0.701000	0.085840
0.702000	0.085725
0.703000	0.085611
0.704000	0.085497
0.705000	0.085382
0.706000	0.085268
0.707000	0.085154
0.708000	0.085040
0.709000	0.084926
0.710000	0.084813
0.711000	0.084699
0.712000	0.084586
0.713000	0.084472
0.714000	0.084359
0.715000	0.084246
0.716000	0.084133
0.717000	0.084019
0.718000	0.083907
0.719000	0.083794
0.720000	0.083681
0.721000	0.083568
0.722000	0.083456
0.723000	0.083343
0.724000	0.083231
0.725000	0.083119
0.726000	0.083007
0.727000	0.082894
0.728000	0.082783
0.729000	0.082671
0.730000	0.082559
0.731000	0.082447
0.732000	0.082336
0.733000	0.082224
0.734000	0.082113
0.735000	0.082001
0.736000	0.081890
0.737000	0.081779
0.738000	0.081668
0.739000	0.081557
0.740000	0.081446
0.741000	0.081335
0.742000	0.081225
0.743000	0.081114
0.744000	0.081003
0.745000	0.080893
0.746000	0.080783
0.747000	0.080672
0.748000	0.080562
0.749000	0.080452
0.750000	0.080342
0.751000	0.080232
0.752000	0.080123
0.753000	0.080013
0.754000	0.079903
0.755000	0.079794
0.756000	0.079684
0.757000	0.079575
0.758000	0.079466
0.759000	0.079356
0.760000	0.079247
0.761000	0.079138
0.762000	0.079029
0.763000	0.078920
0.764000	0.078812
0.765000	0.078703
0.766000	0.078594
0.767000	0.078486
0.768000	0.078377
0.769000	0.078269
0.770000	0.078161
0.771000	0.078053
0.772000	0.077944
0.773000	0.077836
0.774000	0.077728
0.775000	0.077621
0.776000	0.077513
0.777000	0.077405
0.778000	0.077297
0.779000	0.077190
0.780000	0.077082
0.781000	0.076975
0.782000	0.076868
0.783000	0.076761
0.784000	0.076653
0.785000	0.076546
0.786000	0.076439
0.787000	0.076332
0.788000	0.076226
0.789000	0.076119
0.790000	0.076012
0.791000	0.075906
0.792000	0.075799
0.793000	0.075693
0.794000	0.075586
0.795000	0.075480
0.796000	0.075374
0.797000	0.075268
0.798000	0.075162
0.799000	0.075056
0.800000	0.074950
0.801000	0.074844
0.802000	0.074738
0.803000	0.074633
0.804000	0.074527
0.805000	0.074421
0.806000	0.074316
0.807000	0.074211
0.808000	0.074105
0.809000	0.074000
0.810000	0.073895
0.811000	0.073790
0.812000	0.073685
0.813000	0.073580
0.814000	0.073475
0.815000	0.073370
0.816000	0.073266
0.817000	0.073161
0.818000	0.073057
0.819000	0.072952
0.820000	0.072848
0.821000	0.072743
0.822000	0.072639
0.823000	0.072535
0.824000	0.072431
0.825000	0.072327
0.826000	0.072223
0.827000	0.072119
0.828000	0.072015
0.829000	0.071911
0.830000	0.071808
0.831000	0.071704
0.832000	0.071601
0.833000	0.071497
0.834000	0.071394
0.835000	0.071290
0.836000	0.071187
0.837000	0.071084
0.838000	0.070981
0.839000	0.070878
0.840000	0.070775
0.841000	0.070672
0.842000	0.070569
0.843000	0.070467
0.844000	0.070364
0.845000	0.070261
0.846000	0.070159
0.847000	0.070056
0.848000	0.069954
0.849000	0.069852
0.850000	0.069749
0.851000	0.069647
0.852000	0.069545
0.853000	0.069443
0.854000	0.069341
0.855000	0.069239
0.856000	0.069137
0.857000	0.069035
0.858000	0.068934
0.859000	0.068832
0.860000	0.068731
0.861000	0.068629
0.862000	0.068528
0.863000	0.068426
0.864000	0.068325
0.865000	0.068224
0.866000	0.068123
0.867000	0.068021
0.868000	0.067920
0.869000	0.067820
0.870000	0.067719
0.871000	0.067618
0.872000	0.067517
0.873000	0.067416
0.874000	0.067316
0.875000	0.067215
0.876000	0.067115
0.877000	0.067014
0.878000	0.066914
0.879000	0.066814
0.880000	0.066714
0.881000	0.066613
0.882000	0.066513
0.883000	0.066413
0.884000	0.066313
0.885000	0.066214
0.886000	0.066114
0.887000	0.066014
0.888000	0.065914
0.889000	0.065815
0.890000	0.065715
0.891000	0.065616
0.892000	0.065516
0.893000	0.065417
0.894000	0.065318
0.895000	0.065219
0.896000	0.065119
0.897000	0.065020
0.898000	0.064921
0.899000	0.064822
0.900000	0.064724
0.901000	0.064625
0.902000	0.064526
0.903000	0.064427
0.904000	0.064329
0.905000	0.064230
0.906000	0.064132
0.907000	0.064033
0.908000	0.063935
0.909000	0.063837
0.910000	0.063739
0.911000	0.063640
0.912000	0.063542
0.913000	0.063444
0.914000	0.063346
0.915000	0.063249
0.916000	0.063151
0.917000	0.063053
0.918000	0.062955
0.919000	0.062858
0.920000	0.062760
0.921000	0.062663
0.922000	0.062565
0.923000	0.062468
0.924000	0.062371
0.925000	0.062273
0.926000	0.062176
0.927000	0.062079
0.928000	0.061982
0.929000	0.061885
0.930000	0.061788
0.931000	0.061692
0.932000	0.061595
0.933000	0.061498
0.934000	0.061402
0.935000	0.061305
0.936000	0.061208
0.937000	0.061112
0.938000	0.061016
0.939000	0.060919
0.940000	0.060823
0.941000	0.060727
0.942000	0.060631
0.943000	0.060535
0.944000	0.060439
0.945000	0.060343
0.946000	0.060247
0.947000	0.060151
0.948000	0.060056
0.949000	0.059960
0.950000	0.059865
0.951000	0.059769
0.952000	0.059674
0.953000	0.059578
0.954000	0.059483
0.955000	0.059388
0.956000	0.059293
0.957000	0.059198
0.958000	0.059102
0.959000	0.059008
0.960000	0.058913
0.961000	0.058818
0.962000	0.058723
0.963000	0.058628
0.964000	0.058534
0.965000	0.058439
0.966000	0.058345
0.967000	0.058250
0.968000	0.058156
0.969000	0.058061
0.970000	0.057967
0.971000	0.057873
0.972000	0.057779
0.973000	0.057685
0.974000	0.057591
0.975000	0.057497
0.976000	0.057403
0.977000	0.057309
0.978000	0.057216
0.979000	0.057122
0.980000	0.057028
0.981000	0.056935
0.982000	0.056842
0.983000	0.056748
0.984000	0.056655
0.985000	0.056562
0.986000	0.056468
0.987000	0.056375
0.988000	0.056282
0.989000	0.056189
0.990000	0.056096
0.991000	0.056004
0.992000	0.055911
0.993000	0.055818
0.994000	0.055726
0.995000	0.055633
0.996000	0.055540
0.997000	0.055448
0.998000	0.055356
0.999000	0.055263
1.000000	0.055171
