#x		f
0.000000	0.480000
0.001000	0.479389
0.002000	0.478779
0.003000	0.478170
0.004000	0.477562
0.005000	0.476955
0.006000	0.476349
0.007000	0.475745
0.008000	0.475141
0.009000	0.474538
0.010000	0.473936
0.011000	0.473335
0.012000	0.472735
0.013000	0.472136
0.014000	0.471538
0.015000	0.470941
0.016000	0.470344
0.017000	0.469749
0.018000	0.469155
0.019000	0.468562
0.020000	0.467970
0.021000	0.467379
0.022000	0.466789
0.023000	0.466199
0.024000	0.465611
0.025000	0.465024
0.026000	0.464437
0.027000	0.463852
0.028000	0.463267
0.029000	0.462684
0.030000	0.462102
0.031000	0.461520
0.032000	0.460939
0.033000	0.460360
0.034000	0.459781
0.035000	0.459203
0.036000	0.458627
0.037000	0.458051
0.038000	0.457476
0.039000	0.456902
0.040000	0.456329
0.041000	0.455757
0.042000	0.455186
0.043000	0.454616
0.044000	0.454047
0.045000	0.453478
0.046000	0.452911
0.047000	0.452345
0.048000	0.451779
0.049000	0.451215
0.050000	0.450651
0.051000	0.450089
0.052000	0.449527
0.053000	0.448966
0.054000	0.448406
0.055000	0.447847
0.056000	0.447289
0.057000	0.446732
0.058000	0.446176
0.059000	0.445621
0.060000	0.445067
0.061000	0.444513
0.062000	0.443961
0.063000	0.443409
0.064000	0.442859
0.065000	0.442309
0.066000	0.441760
0.067000	0.441212
0.068000	0.440665
0.069000	0.440119
0.070000	0.439574
0.071000	0.439030
0.072000	0.438487
0.073000	0.437944
0.074000	0.437403
0.075000	0.436862
0.076000	0.436322
0.077000	0.435783
0.078000	0.435245
0.079000	0.434708
0.080000	0.434172
0.081000	0.433637
0.082000	0.433102
0.083000	0.432569
0.084000	0.432036
0.085000	0.431505
0.086000	0.430974
0.087000	0.430444
0.088000	0.429915
0.089000	0.429387
0.090000	0.428859
0.091000	0.428333
0.092000	0.427807
0.093000	0.427283
0.094000	0.426759
0.095000	0.426236
0.096000	0.425714
0.097000	0.425193
0.098000	0.424672
0.099000	0.424153
0.100000	0.423634
0.101000	0.423117
0.102000	0.422600
0.103000	0.422084
0.104000	0.421569
0.105000	0.421055
0.106000	0.420541
0.107000	0.420029
0.108000	0.419517
0.109000	0.419006
0.110000	0.418496
0.111000	0.417987
0.112000	0.417479
0.113000	0.416971
0.114000	0.416465
0.115000	0.415959
0.116000	0.415454
0.117000	0.414950
0.118000	0.414447
0.119000	0.413945
0.120000	0.413443
0.121000	0.412943
0.122000	0.412443
0.123000	0.411944
0.124000	0.411446
0.125000	0.410948
0.126000	0.410452
0.127000	0.409956
0.128000	0.409461
0.129000	0.408967
0.130000	0.408474
0.131000	0.407982
0.132000	0.407490
0.133000	0.407000
0.134000	0.406510
0.135000	0.406021
0.136000	0.405533
0.137000	0.405045
0.138000	0.404559
0.139000	0.404073
0.140000	0.403588
0.141000	0.403104
0.142000	0.402620
0.143000	0.402138
0.144000	0.401656
0.145000	0.401175
0.146000	0.400695
0.147000	0.400216
0.148000	0.399737
0.149000	0.399260
0.150000	0.398783
0.151000	0.398307
0.152000	0.397831
0.153000	0.397357
0.154000	0.396883
0.155000	0.396410
0.156000	0.395938
0.157000	0.395467
0.158000	0.394996
0.159000	0.394527
0.160000	0.394058
0.161000	0.393589
0.162000	0.393122
0.163000	0.392656
0.164000	0.392190
0.165000	0.391725
0.166000	0.391260
0.167000	0.390797
0.168000	0.390334
0.169000	0.389872
0.170000	0.389411
0.171000	0.388951
0.172000	0.388491
0.173000	0.388032
0.174000	0.387574
0.175000	0.387117
0.176000	0.386661
0.177000	0.386205
0.178000	0.385750
0.179000	0.385296
0.180000	0.384842
0.181000	0.384390
0.182000	0.383938
0.183000	0.383486
0.184000	0.383036
0.185000	0.382586
0.186000	0.382137
0.187000	0.381689
0.188000	0.381242
0.189000	0.380795
0.190000	0.380349
0.191000	0.379904
0.192000	0.379460
0.193000	0.379016
0.194000	0.378573
0.195000	0.378131
0.196000	0.377690
0.197000	0.377249
0.198000	0.376809
0.199000	0.376370
0.200000	0.375931
0.201000	0.375494
0.202000	0.375057
0.203000	0.374620
0.204000	0.374185
0.205000	0.373750
0.206000	0.373316
0.207000	0.372882
0.208000	0.372450
0.209000	0.372018
0.210000	0.371587
0.211000	0.371156
0.212000	0.370727
0.213000	0.370298
0.214000	0.369869
0.215000	0.369442
0.216000	0.369015
0.217000	0.368589
0.218000	0.368163
0.219000	0.367739
0.220000	0.367315
0.221000	0.366891
0.222000	0.366469
0.223000	0.366047
0.224000	0.365626
0.225000	0.365205
0.226000	0.364785
0.227000	0.364366
0.228000	0.363948
0.229000	0.363530
0.230000	0.363113
0.231000	0.362697
0.232000	0.362281
0.233000	0.361867
0.234000	0.361452
0.235000	0.361039
0.236000	0.360626
0.237000	0.360214
0.238000	0.359803
0.239000	0.359392
0.240000	0.358982
0.241000	0.358572
0.242000	0.358164
0.243000	0.357756
0.244000	0.357348
0.245000	0.356942
0.246000	0.356536
0.247000	0.356131
0.248000	0.355726
0.249000	0.355322
0.250000	0.354919
0.251000	0.354516
0.252000	0.354114
0.253000	0.353713
0.254000	0.353313
0.255000	0.352913
0.256000	0.352513
0.257000	0.352115
0.258000	0.351717
0.259000	0.351320
0.260000	0.350923
0.261000	0.350527
0.262000	0.350132
0.263000	0.349737
0.264000	0.349343
0.265000	0.348950
0.266000	0.348557
0.267000	0.348165
0.268000	0.347774
0.269000	0.347383
0.270000	0.346993
0.271000	0.346604
0.272000	0.346215
0.273000	0.345827
0.274000	0.345440
0.275000	0.345053
0.276000	0.344667
0.277000	0.344281
0.278000	0.343896
0.279000	0.343512
0.280000	0.343128
0.281000	0.342745
0.282000	0.342363
0.283000	0.341981
0.284000	0.341600
0.285000	0.341220
0.286000	0.340840
0.287000	0.340461
0.288000	0.340082
0.289000	0.339704
0.290000	0.339327
0.291000	0.338950
0.292000	0.338574
0.293000	0.338199
0.294000	0.337824
0.295000	0.337450
0.296000	0.337076
0.297000	0.336703
0.298000	0.336331
0.299000	0.335959
0.300000	0.335588
0.301000	0.335218
0.302000	0.334848
0.303000	0.334479
0.304000	0.334110
0.305000	0.333742
0.306000	0.333374
0.307000	0.333007
0.308000	0.332641
0.309000	0.332275
0.310000	0.331910
0.311000	0.331546
0.312000	0.331182
0.313000	0.330819
0.314000	0.330456
0.315000	0.330094
0.316000	0.329733
0.317000	0.329372
0.318000	0.329011
0.319000	0.328652
0.320000	0.328293
0.321000	0.327934
0.322000	0.327576
0.323000	0.327219
0.324000	0.326862
0.325000	0.326506
0.326000	0.326150
0.327000	0.325795
0.328000	0.325441
0.329000	0.325087
0.330000	0.324734
0.331000	0.324381
0.332000	0.324029
0.333000	0.323677
0.334000	0.323326
0.335000	0.322976
0.336000	0.322626
0.337000	0.322277
0.338000	0.321928
0.339000	0.321580
0.340000	0.321232
0.341000	0.320885
0.342000	0.320539
0.343000	0.320193
0.344000	0.319848
0.345000	0.319503
0.346000	0.319159
0.347000	0.318815
0.348000	0.318472
0.349000	0.318130
0.350000	0.317788
0.351000	0.317446
0.352000	0.317105
0.353000	0.316765
0.354000	0.316425
0.355000	0.316086
0.356000	0.315747
0.357000	0.315409
0.358000	0.315072
0.359000	0.314735
0.360000	0.314398
0.361000	0.314062
0.362000	0.313727
0.363000	0.313392
0.364000	0.313058
0.365000	0.312724
0.366000	0.312391
0.367000	0.312058
0.368000	0.311726
0.369000	0.311394
0.370000	0.311063
0.371000	0.310732
0.372000	0.310402
0.373000	0.310073
0.374000	0.309744
0.375000	0.309415
0.376000	0.309088
0.377000	0.308760
0.378000	0.308433
0.379000	0.308107
0.380000	0.307781
0.381000	0.307456
0.382000	0.307131
0.383000	0.306807
0.384000	0.306483
0.385000	0.306159
0.386000	0.305837
0.387000	0.305515
0.388000	0.305193
0.389000	0.304872
0.390000	0.304551
0.391000	0.304231
0.392000	0.303911
0.393000	0.303592
0.394000	0.303273
0.395000	0.302955
0.396000	0.302637
0.397000	0.302320
0.398000	0.302003
0.399000	0.301687
0.400000	0.301372
0.401000	0.301056
0.402000	0.300742
0.403000	0.300428
0.404000	0.300114
0.405000	0.299801
0.406000	0.299488
0.407000	0.299176
0.408000	0.298864
0.409000	0.298553
0.410000	0.298242
0.411000	0.297932
0.412000	0.297622
0.413000	0.297313
0.414000	0.297004
0.415000	0.296696
0.416000	0.296388
0.417000	0.296081
0.418000	0.295774
0.419000	0.295467
0.420000	0.295162
0.421000	0.294856
0.422000	0.294551
0.423000	0.294247
0.424000	0.293943
0.425000	0.293639
0.426000	0.293336
0.427000	0.293034
0.428000	0.292731
0.429000	0.292430
0.430000	0.292129
0.431000	0.291828
0.432000	0.291528
0.433000	0.291228
0.434000	0.290928
0.435000	0.290630
0.436000	0.290331
0.437000	0.290033
0.438000	0.289736
0.439000	0.289439
0.440000	0.289142
0.441000	0.288846
0.442000	0.288550
0.443000	0.288255
0.444000	0.287960
0.445000	0.287666
0.446000	0.287372
0.447000	0.287079
0.448000	0.286786
0.449000	0.286493
0.450000	0.286201
0.451000	0.285910
0.452000	0.285619
0.453000	0.285328
0.454000	0.285038
0.455000	0.284748
0.456000	0.284458
0.457000	0.284169
0.458000	0.283881
0.459000	0.283593
0.460000	0.283305
0.461000	0.283018
0.462000	0.282731
0.463000	0.282445
0.464000	0.282159
0.465000	0.281873
0.466000	0.281588
0.467000	0.281304
0.468000	0.281020
0.469000	0.280736
0.470000	0.280453
0.471000	0.280170
0.472000	0.279887
0.473000	0.279605
0.474000	0.279323
0.475000	0.279042
0.476000	0.278761
0.477000	0.278481
0.478000	0.278201
0.479000	0.277922
0.480000	0.277642
0.481000	0.277364
0.482000	0.277085
0.483000	0.276808
0.484000	0.276530
0.485000	0.276253
0.486000	0.275976
0.487000	0.275700
0.488000	0.275424
0.489000	0.275149
0.490000	0.274874
0.491000	0.274599
0.492000	0.274325
0.493000	0.274051
0.494000	0.273778
0.495000	0.273505
0.496000	0.273232
0.497000	0.272960
0.498000	0.272688
0.499000	0.272417
0.500000	0.272146
0.501000	0.271875
0.502000	0.271605
0.503000	0.271335
0.504000	0.271066
0.505000	0.270797
0.506000	0.270528
0.507000	0.270260
0.508000	0.269992
0.509000	0.269725
0.510000	0.269458
0.511000	0.269191
0.512000	0.268925
0.513000	0.268659
0.514000	0.268393
0.515000	0.268128
0.516000	0.267863
0.517000	0.267599
0.518000	0.267335
0.519000	0.267071
0.520000	0.266808
0.521000	0.266545
0.522000	0.266283
0.523000	0.266021
0.524000	0.265759
0.525000	0.265497
0.526000	0.265236
0.527000	0.264976
0.528000	0.264716
0.529000	0.264456
0.530000	0.264196
0.531000	0.263937
0.532000	0.263678
0.533000	0.263420
0.534000	0.263162
0.535000	0.262904
0.536000	0.262647
0.537000	0.262390
0.538000	0.262133
0.539000	0.261877
0.540000	0.261621
0.541000	0.261366
0.542000	0.261111
0.543000	0.260856
0.544000	0.260601
0.545000	0.260347
0.546000	0.260094
0.547000	0.259840
0.548000	0.259587
0.549000	0.259335
0.550000	0.259082
0.551000	0.258830
0.552000	0.258579
0.553000	0.258327
0.554000	0.258076
0.555000	0.257826
0.556000	0.257576
0.557000	0.257326
0.558000	0.257076
0.559000	0.256827
0.560000	0.256578
0.561000	0.256330
0.562000	0.256082
0.563000	0.255834
0.564000	0.255586
0.565000	0.255339
0.566000	0.255092
0.567000	0.254846
0.568000	0.254600
0.569000	0.254354
0.570000	0.254109
0.571000	0.253863
0.572000	0.253619
0.573000	0.253374
0.574000	0.253130
0.575000	0.252886
0.576000	0.252643
0.577000	0.252400
0.578000	0.252157
0.579000	0.251914
0.580000	0.251672
0.581000	0.251430
0.582000	0.251189
0.583000	0.250948
0.584000	0.250707
0.585000	0.250466
0.586000	0.250226
0.587000	0.249986
0.588000	0.249746
0.589000	0.249507
0.590000	0.249268
0.591000	0.249030
0.592000	0.248791
0.593000	0.248553
0.594000	0.248316
0.595000	0.248078
0.596000	0.247841
0.597000	0.247604
0.598000	0.247368
0.599000	0.247132
0.600000	0.246896
0.601000	0.246661
0.602000	0.246425
0.603000	0.246190
0.604000	0.245956
0.605000	0.245722
0.606000	0.245488
0.607000	0.245254
0.608000	0.245021
0.609000	0.244787
0.610000	0.244555
0.611000	0.244322
0.612000	0.244090
0.613000	0.243858
0.614000	0.243627
0.615000	0.243395
0.616000	0.243164
0.617000	0.242934
0.618000	0.242703
0.619000	0.242473
0.620000	0.242243
0.621000	0.242014
0.622000	0.241785
0.623000	0.241556
0.624000	0.241327
0.625000	0.241099
0.626000	0.240871
0.627000	0.240643
0.628000	0.240416
0.629000	0.240188
0.630000	0.239961
0.631000	0.239735
0.632000	0.239508
0.633000	0.239282
0.634000	0.239057
0.635000	0.238831
0.636000	0.238606
0.637000	0.238381
0.638000	0.238156
0.639000	0.237932
0.640000	0.237708
0.641000	0.237484
0.642000	0.237261
0.643000	0.237037
0.644000	0.236814
0.645000	0.236592
0.646000	0.236369
0.647000	0.236147
0.648000	0.235925
0.649000	0.235704
0.650000	0.235482
0.651000	0.235261
0.652000	0.235040
0.653000	0.234820
0.654000	0.234599
0.655000	0.234379
0.656000	0.234160
0.657000	0.233940
0.658000	0.233721
0.659000	0.233502
0.660000	0.233283
0.661000	0.233065
0.662000	0.232847
0.663000	0.232629
0.664000	0.232411
0.665000	0.232194
0.666000	0.231977
0.667000	0.231760
0.668000	0.231543
0.669000	0.231327
0.670000	0.231111
0.671000	0.230895
0.672000	0.230680
0.673000	0.230464
0.674000	0.230249
0.675000	0.230034
0.676000	0.229820
0.677000	0.229606
0.678000	0.229391
0.679000	0.229178
0.680000	0.228964
0.681000	0.228751
0.682000	0.228538
0.683000	0.228325
0.684000	0.228112
0.685000	0.227900
0.686000	0.227688
0.687000	0.227476
0.688000	0.227265
0.689000	0.227053
0.690000	0.226842
0.691000	0.226631
0.692000	0.226421
0.693000	0.226210
0.694000	0.226000
0.695000	0.225790
0.696000	0.225581
0.697000	0.225371
0.698000	0.225162
0.699000	0.224953
0.700000	0.224744
0.701000	0.224536
0.702000	0.224328
0.703000	0.224120
0.704000	0.223912
0.705000	0.223704
0.706000	0.223497
0.707000	0.223290
0.708000	0.223083
0.709000	0.222877
0.710000	0.222670
0.711000	0.222464
0.712000	0.222258
0.713000	0.222052
0.714000	0.221847
0.715000	0.221642
0.716000	0.221437
0.717000	0.221232
0.718000	0.221027
0.719000	0.220823
0.720000	0.220619
0.721000	0.220415
0.722000	0.220211
0.723000	0.220008
0.724000	0.219805
0.725000	0.219602
0.726000	0.219399
0.727000	0.219196
0.728000	0.218994
0.729000	0.218792
0.730000	0.218590
0.731000	0.218388
0.732000	0.218186
0.733000	0.217985
0.734000	0.217784
0.735000	0.217583
0.736000	0.217383
0.737000	0.217182
0.738000	0.216982
0.739000	0.216782
0.740000	0.216582
0.741000	0.216383
0.742000	0.216183
0.743000	0.215984
0.744000	0.215785
0.745000	0.215586
0.746000	0.215388
0.747000	0.215190
0.748000	0.214991
0.749000	0.214794
0.750000	0.214596
0.751000	0.214398
0.752000	0.214201
0.753000	0.214004
0.754000	0.213807
0.755000	0.213610
0.756000	0.213414
0.757000	0.213217
0.758000	0.213021
0.759000	0.212825
0.760000	0.212630
0.761000	0.212434
0.762000	0.212239
0.763000	0.212044
0.764000	0.211849
0.765000	0.211654
0.766000	0.211460
0.767000	0.211265
0.768000	0.211071
0.769000	0.210877
0.770000	0.210684
0.771000	0.210490
0.772000	0.210297
0.773000	0.210104
0.774000	0.209911
0.775000	0.209718
0.776000	0.209525
0.777000	0.209333
0.778000	0.209141
0.779000	0.208949
0.780000	0.208757
0.781000	0.208565
0.782000	0.208374
0.783000	0.208182
0.784000	0.207991
0.785000	0.207800
0.786000	0.207610
0.787000	0.207419
0.788000	0.207229
0.789000	0.207039
0.790000	0.206849
0.791000	0.206659
0.792000	0.206469
0.793000	0.206280
0.794000	0.206091
0.795000	0.205901
0.796000	0.205713
0.797000	0.205524
0.798000	0.205335
0.799000	0.205147
0.800000	0.204959
0.801000	0.204771
0.802000	0.204583
0.803000	0.204395
0.804000	0.204208
0.805000	0.204020
0.806000	0.203833
0.807000	0.203646
0.808000	0.203460
0.809000	0.203273
0.810000	0.203087
0.811000	0.202900
0.812000	0.202714
0.813000	0.202528
0.814000	0.202342
0.815000	0.202157
0.816000	0.201971
0.817000	0.201786
0.818000	0.201601
0.819000	0.201416
0.820000	0.201231
0.821000	0.201047
0.822000	0.200862
0.823000	0.200678
0.824000	0.200494
0.825000	0.200310
0.826000	0.200126
0.827000	0.199943
0.828000	0.199759
0.829000	0.199576
0.830000	0.199393
0.831000	0.199210
0.832000	0.199027
0.833000	0.198845
0.834000	0.198662
0.835000	0.198480
0.836000	0.198298
0.837000	0.198116
0.838000	0.197934
0.839000	0.197752
0.840000	0.197571
0.841000	0.197390
0.842000	0.197208
0.843000	0.197027
0.844000	0.196847
0.845000	0.196666
0.846000	0.196485
0.847000	0.196305
0.848000	0.196125
0.849000	0.195945
0.850000	0.195765
0.851000	0.195585
0.852000	0.195405
0.853000	0.195226
0.854000	0.195046
0.855000	0.194867
0.856000	0.194688
0.857000	0.194509
0.858000	0.194331
0.859000	0.194152
0.860000	0.193974
0.861000	0.193795
0.862000	0.193617
0.863000	0.193439
0.864000	0.193261
0.865000	0.193084
0.866000	0.192906
0.867000	0.192729
0.868000	0.192551
0.869000	0.192374
0.870000	0.192197
0.871000	0.192020
0.872000	0.191844
0.873000	0.191667
0.874000	0.191491
0.875000	0.191315
0.876000	0.191138
0.877000	0.190963
0.878000	0.190787
0.879000	0.190611
0.880000	0.190435
0.881000	0.190260
0.882000	0.190085
0.883000	0.189910
0.884000	0.189735
0.885000	0.189560
0.886000	0.189385
0.887000	0.189211
0.888000	0.189036
0.889000	0.188862
0.890000	0.188688
0.891000	0.188514
0.892000	0.188340
0.893000	0.188166
0.894000	0.187992
0.895000	0.187819
0.896000	0.187646
0.897000	0.187472
0.898000	0.187299
0.899000	0.187126
0.900000	0.186954
0.901000	0.186781
0.902000	0.186608
0.903000	0.186436
0.904000	0.186264
0.905000	0.186092
0.906000	0.185920
0.907000	0.185748
0.908000	0.185576
0.909000	0.185404
0.910000	0.185233
0.911000	0.185061
0.912000	0.184890
0.913000	0.184719
0.914000	0.184548
0.915000	0.184377
0.916000	0.184206
0.917000	0.184036
0.918000	0.183865
0.919000	0.183695
0.920000	0.183525
0.921000	0.183355
0.922000	0.183185
0.923000	0.183015
0.924000	0.182845
0.925000	0.182675
0.926000	0.182506
0.927000	0.182337
0.928000	0.182167
0.929000	0.181998
0.930000	0.181829
0.931000	0.181660
0.932000	0.181492
0.933000	0.181323
0.934000	0.181155
0.935000	0.180986
0.936000	0.180818
0.937000	0.180650
0.938000	0.180482
0.939000	0.180314
0.940000	0.180146
0.941000	0.179978
0.942000	0.179811
0.943000	0.179643
0.944000	0.179476
0.945000	0.179309
0.946000	0.179142
0.947000	0.178975
0.948000	0.178808
0.949000	0.178641
0.950000	0.178475
0.951000	0.178308
0.952000	0.178142
0.953000	0.177975
0.954000	0.177809
0.955000	0.177643
0.956000	0.177477
0.957000	0.177311
0.958000	0.177146
0.959000	0.176980
0.960000	0.176815
0.961000	0.176649
0.962000	0.176484
0.963000	0.176319
0.964000	0.176154
0.965000	0.175989
0.966000	0.175824
0.967000	0.175659
0.968000	0.175495
0.969000	0.175330
0.970000	0.175166
0.971000	0.175002
0.972000	0.174837
0.973000	0.174673
0.974000	0.174509
0.975000	0.174346
0.976000	0.174182
0.977000	0.174018
0.978000	0.173855
0.979000	0.173691
0.980000	0.173528
0.981000	0.173365
0.982000	0.173202
0.983000	0.173039
0.984000	0.172876
0.985000	0.172713
0.986000	0.172551
0.987000	0.172388
0.988000	0.172226
0.989000	0.172063
0.990000	0.171901
0.991000	0.171739
0.992000	0.171577
0.993000	0.171415
0.994000	0.171253
0.995000	0.171091
0.996000	0.170930
0.997000	0.170768
0.998000	0.170607
0.999000	0.170445
1.000000	0.170284
