#x		U
0.000000	0.320000
0.001000	0.319356
0.002000	0.318713
0.003000	0.318070
0.004000	0.317429
0.005000	0.316789
0.006000	0.316150
0.007000	0.315511
0.008000	0.314874
0.009000	0.314238
0.010000	0.313603
0.011000	0.312968
0.012000	0.312335
0.013000	0.311703
0.014000	0.311071
0.015000	0.310441
0.016000	0.309812
0.017000	0.309183
0.018000	0.308556
0.019000	0.307930
0.020000	0.307304
0.021000	0.306680
0.022000	0.306056
0.023000	0.305434
0.024000	0.304812
0.025000	0.304192
0.026000	0.303572
0.027000	0.302953
0.028000	0.302336
0.029000	0.301719
0.030000	0.301103
0.031000	0.300489
0.032000	0.299875
0.033000	0.299262
0.034000	0.298650
0.035000	0.298040
0.036000	0.297430
0.037000	0.296821
0.038000	0.296213
0.039000	0.295606
0.040000	0.295000
0.041000	0.294394
0.042000	0.293790
0.043000	0.293187
0.044000	0.292585
0.045000	0.291984
0.046000	0.291383
0.047000	0.290784
0.048000	0.290185
0.049000	0.289588
0.050000	0.288991
0.051000	0.288396
0.052000	0.287801
0.053000	0.287207
0.054000	0.286615
0.055000	0.286023
0.056000	0.285432
0.057000	0.284842
0.058000	0.284253
0.059000	0.283665
0.060000	0.283078
0.061000	0.282491
0.062000	0.281906
0.063000	0.281322
0.064000	0.280738
0.065000	0.280156
0.066000	0.279574
0.067000	0.278994
0.068000	0.278414
0.069000	0.277835
0.070000	0.277258
0.071000	0.276681
0.072000	0.276105
0.073000	0.275530
0.074000	0.274955
0.075000	0.274382
0.076000	0.273810
0.077000	0.273238
0.078000	0.272668
0.079000	0.272098
0.080000	0.271530
0.081000	0.270962
0.082000	0.270395
0.083000	0.269829
0.084000	0.269264
0.085000	0.268700
0.086000	0.268137
0.087000	0.267575
0.088000	0.267013
0.089000	0.266453
0.090000	0.265893
0.091000	0.265335
0.092000	0.264777
0.093000	0.264220
0.094000	0.263664
0.095000	0.263109
0.096000	0.262555
0.097000	0.262002
0.098000	0.261449
0.099000	0.260898
0.100000	0.260347
0.101000	0.259797
0.102000	0.259249
0.103000	0.258701
0.104000	0.258154
0.105000	0.257608
0.106000	0.257062
0.107000	0.256518
0.108000	0.255974
0.109000	0.255432
0.110000	0.254890
0.111000	0.254349
0.112000	0.253809
0.113000	0.253270
0.114000	0.252732
0.115000	0.252195
0.116000	0.251658
0.117000	0.251123
0.118000	0.250588
0.119000	0.250054
0.120000	0.249521
0.121000	0.248989
0.122000	0.248458
0.123000	0.247927
0.124000	0.247398
0.125000	0.246869
0.126000	0.246342
0.127000	0.245815
0.128000	0.245289
0.129000	0.244764
0.130000	0.244239
0.131000	0.243716
0.132000	0.243193
0.133000	0.242671
0.134000	0.242151
0.135000	0.241631
0.136000	0.241111
0.137000	0.240593
0.138000	0.240076
0.139000	0.239559
0.140000	0.239043
0.141000	0.238528
0.142000	0.238014
0.143000	0.237501
0.144000	0.236989
0.145000	0.236477
0.146000	0.235966
0.147000	0.235457
0.148000	0.234948
0.149000	0.234439
0.150000	0.233932
0.151000	0.233426
0.152000	0.232920
0.153000	0.232415
0.154000	0.231911
0.155000	0.231408
0.156000	0.230906
0.157000	0.230404
0.158000	0.229903
0.159000	0.229404
0.160000	0.228905
0.161000	0.228406
0.162000	0.227909
0.163000	0.227413
0.164000	0.226917
0.165000	0.226422
0.166000	0.225928
0.167000	0.225435
0.168000	0.224942
0.169000	0.224451
0.170000	0.223960
0.171000	0.223470
0.172000	0.222981
0.173000	0.222493
0.174000	0.222005
0.175000	0.221518
0.176000	0.221032
0.177000	0.220547
0.178000	0.220063
0.179000	0.219580
0.180000	0.219097
0.181000	0.218615
0.182000	0.218134
0.183000	0.217654
0.184000	0.217174
0.185000	0.216696
0.186000	0.216218
0.187000	0.215741
0.188000	0.215264
0.189000	0.214789
0.190000	0.214314
0.191000	0.213841
0.192000	0.213367
0.193000	0.212895
0.194000	0.212424
0.195000	0.211953
0.196000	0.211483
0.197000	0.211014
0.198000	0.210546
0.199000	0.210078
0.200000	0.209611
0.201000	0.209145
0.202000	0.208680
0.203000	0.208216
0.204000	0.207752
0.205000	0.207289
0.206000	0.206827
0.207000	0.206366
0.208000	0.205905
0.209000	0.205446
0.210000	0.204987
0.211000	0.204529
0.212000	0.204071
0.213000	0.203614
0.214000	0.203159
0.215000	0.202703
0.216000	0.202249
0.217000	0.201796
0.218000	0.201343
0.219000	0.200891
0.220000	0.200439
0.221000	0.199989
0.222000	0.199539
0.223000	0.199090
0.224000	0.198642
0.225000	0.198194
0.226000	0.197748
0.227000	0.197302
0.228000	0.196857
0.229000	0.196412
0.230000	0.195968
0.231000	0.195525
0.232000	0.195083
0.233000	0.194642
0.234000	0.194201
0.235000	0.193761
0.236000	0.193322
0.237000	0.192883
0.238000	0.192446
0.239000	0.192009
0.240000	0.191573
0.241000	0.191137
0.242000	0.190702
0.243000	0.190268
0.244000	0.189835
0.245000	0.189403
0.246000	0.188971
0.247000	0.188540
0.248000	0.188109
0.249000	0.187680
0.250000	0.187251
0.251000	0.186823
0.252000	0.186395
0.253000	0.185969
0.254000	0.185543
0.255000	0.185118
0.256000	0.184693
0.257000	0.184269
0.258000	0.183846
0.259000	0.183424
0.260000	0.183002
0.261000	0.182581
0.262000	0.182161
0.263000	0.181742
0.264000	0.181323
0.265000	0.180905
0.266000	0.180488
0.267000	0.180071
0.268000	0.179655
0.269000	0.179240
0.270000	0.178826
0.271000	0.178412
0.272000	0.177999
0.273000	0.177587
0.274000	0.177175
0.275000	0.176764
0.276000	0.176354
0.277000	0.175945
0.278000	0.175536
0.279000	0.175128
0.280000	0.174720
0.281000	0.174314
0.282000	0.173908
0.283000	0.173502
0.284000	0.173098
0.285000	0.172694
0.286000	0.172291
0.287000	0.171888
0.288000	0.171486
0.289000	0.171085
0.290000	0.170685
0.291000	0.170285
0.292000	0.169886
0.293000	0.169487
0.294000	0.169090
0.295000	0.168693
0.296000	0.168296
0.297000	0.167901
0.298000	0.167506
0.299000	0.167111
0.300000	0.166718
0.301000	0.166325
0.302000	0.165933
0.303000	0.165541
0.304000	0.165150
0.305000	0.164760
0.306000	0.164370
0.307000	0.163981
0.308000	0.163593
0.309000	0.163206
0.310000	0.162819
0.311000	0.162433
0.312000	0.162047
0.313000	0.161662
0.314000	0.161278
0.315000	0.160894
0.316000	0.160512
0.317000	0.160129
0.318000	0.159748
0.319000	0.159367
0.320000	0.158987
0.321000	0.158607
0.322000	0.158228
0.323000	0.157850
0.324000	0.157472
0.325000	0.157095
0.326000	0.156719
0.327000	0.156343
0.328000	0.155968
0.329000	0.155594
0.330000	0.155220
0.331000	0.154847
0.332000	0.154475
0.333000	0.154103
0.334000	0.153732
0.335000	0.153361
0.336000	0.152991
0.337000	0.152622
0.338000	0.152254
0.339000	0.151886
0.340000	0.151518
0.341000	0.151152
0.342000	0.150786
0.343000	0.150420
0.344000	0.150055
0.345000	0.149691
0.346000	0.149328
0.347000	0.148965
0.348000	0.148603
0.349000	0.148241
0.350000	0.147880
0.351000	0.147520
0.352000	0.147160
0.353000	0.146801
0.354000	0.146442
0.355000	0.146084
0.356000	0.145727
0.357000	0.145371
0.358000	0.145015
0.359000	0.144659
0.360000	0.144304
0.361000	0.143950
0.362000	0.143597
0.363000	0.143244
0.364000	0.142891
0.365000	0.142540
0.366000	0.142189
0.367000	0.141838
0.368000	0.141488
0.369000	0.141139
0.370000	0.140790
0.371000	0.140442
0.372000	0.140095
0.373000	0.139748
0.374000	0.139402
0.375000	0.139056
0.376000	0.138711
0.377000	0.138367
0.378000	0.138023
0.379000	0.137679
0.380000	0.137337
0.381000	0.136995
0.382000	0.136653
0.383000	0.136312
0.384000	0.135972
0.385000	0.135632
0.386000	0.135293
0.387000	0.134955
0.388000	0.134617
0.389000	0.134280
0.390000	0.133943
0.391000	0.133607
0.392000	0.133271
0.393000	0.132936
0.394000	0.132602
0.395000	0.132268
0.396000	0.131934
0.397000	0.131602
0.398000	0.131270
0.399000	0.130938
0.400000	0.130607
0.401000	0.130277
0.402000	0.129947
0.403000	0.129618
0.404000	0.129289
0.405000	0.128961
0.406000	0.128633
0.407000	0.128306
0.408000	0.127980
0.409000	0.127654
0.410000	0.127329
0.411000	0.127004
0.412000	0.126680
0.413000	0.126357
0.414000	0.126034
0.415000	0.125711
0.416000	0.125389
0.417000	0.125068
0.418000	0.124747
0.419000	0.124427
0.420000	0.124107
0.421000	0.123788
0.422000	0.123470
0.423000	0.123152
0.424000	0.122834
0.425000	0.122517
0.426000	0.122201
0.427000	0.121885
0.428000	0.121570
0.429000	0.121255
0.430000	0.120941
0.431000	0.120627
0.432000	0.120314
0.433000	0.120002
0.434000	0.119690
0.435000	0.119378
0.436000	0.119067
0.437000	0.118757
0.438000	0.118447
0.439000	0.118138
0.440000	0.117829
0.441000	0.117521
0.442000	0.117213
0.443000	0.116906
0.444000	0.116599
0.445000	0.116293
0.446000	0.115987
0.447000	0.115682
0.448000	0.115378
0.449000	0.115074
0.450000	0.114770
0.451000	0.114467
0.452000	0.114165
0.453000	0.113863
0.454000	0.113561
0.455000	0.113260
0.456000	0.112960
0.457000	0.112660
0.458000	0.112361
0.459000	0.112062
0.460000	0.111764
0.461000	0.111466
0.462000	0.111169
0.463000	0.110872
0.464000	0.110576
0.465000	0.110280
0.466000	0.109985
0.467000	0.109690
0.468000	0.109396
0.469000	0.109102
0.470000	0.108809
0.471000	0.108516
0.472000	0.108224
0.473000	0.107932
0.474000	0.107641
0.475000	0.107350
0.476000	0.107060
0.477000	0.106770
0.478000	0.106481
0.479000	0.106192
0.480000	0.105904
0.481000	0.105616
0.482000	0.105329
0.483000	0.105042
0.484000	0.104756
0.485000	0.104470
0.486000	0.104185
0.487000	0.103900
0.488000	0.103616
0.489000	0.103332
0.490000	0.103048
0.491000	0.102766
0.492000	0.102483
0.493000	0.102201
0.494000	0.101920
0.495000	0.101639
0.496000	0.101358
0.497000	0.101078
0.498000	0.100799
0.499000	0.100520
0.500000	0.100241
0.501000	0.099963
0.502000	0.099686
0.503000	0.099408
0.504000	0.099132
0.505000	0.098856
0.506000	0.098580
0.507000	0.098305
0.508000	0.098030
0.509000	0.097755
0.510000	0.097481
0.511000	0.097208
0.512000	0.096935
0.513000	0.096663
0.514000	0.096391
0.515000	0.096119
0.516000	0.095848
0.517000	0.095577
0.518000	0.095307
0.519000	0.095037
0.520000	0.094768
0.521000	0.094499
0.522000	0.094231
0.523000	0.093963
0.524000	0.093695
0.525000	0.093428
0.526000	0.093162
0.527000	0.092895
0.528000	0.092630
0.529000	0.092364
0.530000	0.092100
0.531000	0.091835
0.532000	0.091571
0.533000	0.091308
0.534000	0.091045
0.535000	0.090782
0.536000	0.090520
0.537000	0.090258
0.538000	0.089997
0.539000	0.089736
0.540000	0.089476
0.541000	0.089216
0.542000	0.088956
0.543000	0.088697
0.544000	0.088438
0.545000	0.088180
0.546000	0.087922
0.547000	0.087665
0.548000	0.087408
0.549000	0.087151
0.550000	0.086895
0.551000	0.086639
0.552000	0.086384
0.553000	0.086129
0.554000	0.085875
0.555000	0.085621
0.556000	0.085367
0.557000	0.085114
0.558000	0.084861
0.559000	0.084609
0.560000	0.084357
0.561000	0.084105
0.562000	0.083854
0.563000	0.083603
0.564000	0.083353
0.565000	0.083103
0.566000	0.082854
0.567000	0.082605
0.568000	0.082356
0.569000	0.082108
0.570000	0.081860
0.571000	0.081612
0.572000	0.081365
0.573000	0.081119
0.574000	0.080872
0.575000	0.080627
0.576000	0.080381
0.577000	0.080136
0.578000	0.079891
0.579000	0.079647
0.580000	0.079403
0.581000	0.079160
0.582000	0.078917
0.583000	0.078674
0.584000	0.078432
0.585000	0.078190
0.586000	0.077948
0.587000	0.077707
0.588000	0.077466
0.589000	0.077226
0.590000	0.076986
0.591000	0.076746
0.592000	0.076507
0.593000	0.076268
0.594000	0.076030
0.595000	0.075792
0.596000	0.075554
0.597000	0.075317
0.598000	0.075080
0.599000	0.074843
0.600000	0.074607
0.601000	0.074371
0.602000	0.074136
0.603000	0.073901
0.604000	0.073666
0.605000	0.073432
0.606000	0.073198
0.607000	0.072964
0.608000	0.072731
0.609000	0.072498
0.610000	0.072266
0.611000	0.072034
0.612000	0.071802
0.613000	0.071570
0.614000	0.071339
0.615000	0.071109
0.616000	0.070878
0.617000	0.070649
0.618000	0.070419
0.619000	0.070190
0.620000	0.069961
0.621000	0.069732
0.622000	0.069504
0.623000	0.069276
0.624000	0.069049
0.625000	0.068822
0.626000	0.068595
0.627000	0.068369
0.628000	0.068142
0.629000	0.067917
0.630000	0.067691
0.631000	0.067466
0.632000	0.067242
0.633000	0.067017
0.634000	0.066793
0.635000	0.066570
0.636000	0.066346
0.637000	0.066123
0.638000	0.065901
0.639000	0.065678
0.640000	0.065456
0.641000	0.065235
0.642000	0.065013
0.643000	0.064793
0.644000	0.064572
0.645000	0.064352
0.646000	0.064132
0.647000	0.063912
0.648000	0.063693
0.649000	0.063474
0.650000	0.063255
0.651000	0.063037
0.652000	0.062819
0.653000	0.062601
0.654000	0.062384
0.655000	0.062167
0.656000	0.061950
0.657000	0.061733
0.658000	0.061517
0.659000	0.061302
0.660000	0.061086
0.661000	0.060871
0.662000	0.060656
0.663000	0.060442
0.664000	0.060228
0.665000	0.060014
0.666000	0.059800
0.667000	0.059587
0.668000	0.059374
0.669000	0.059161
0.670000	0.058949
0.671000	0.058737
0.672000	0.058525
0.673000	0.058314
0.674000	0.058103
0.675000	0.057892
0.676000	0.057682
0.677000	0.057471
0.678000	0.057261
0.679000	0.057052
0.680000	0.056843
0.681000	0.056634
0.682000	0.056425
0.683000	0.056216
0.684000	0.056008
0.685000	0.055801
0.686000	0.055593
0.687000	0.055386
0.688000	0.055179
0.689000	0.054972
0.690000	0.054766
0.691000	0.054560
0.692000	0.054354
0.693000	0.054148
0.694000	0.053943
0.695000	0.053738
0.696000	0.053534
0.697000	0.053329
0.698000	0.053125
0.699000	0.052921
0.700000	0.052718
0.701000	0.052514
0.702000	0.052312
0.703000	0.052109
0.704000	0.051906
0.705000	0.051704
0.706000	0.051502
0.707000	0.051301
0.708000	0.051099
0.709000	0.050898
0.710000	0.050698
0.711000	0.050497
0.712000	0.050297
0.713000	0.050097
0.714000	0.049897
0.715000	0.049698
0.716000	0.049498
0.717000	0.049299
0.718000	0.049101
0.719000	0.048902
0.720000	0.048704
0.721000	0.048506
0.722000	0.048309
0.723000	0.048111
0.724000	0.047914
0.725000	0.047717
0.726000	0.047521
0.727000	0.047324
0.728000	0.047128
0.729000	0.046932
0.730000	0.046737
0.731000	0.046541
0.732000	0.046346
0.733000	0.046151
0.734000	0.045957
0.735000	0.045762
0.736000	0.045568
0.737000	0.045374
0.738000	0.045181
0.739000	0.044987
0.740000	0.044794
0.741000	0.044601
0.742000	0.044409
0.743000	0.044216
0.744000	0.044024
0.745000	0.043832
0.746000	0.043640
0.747000	0.043449
0.748000	0.043258
0.749000	0.043067
0.750000	0.042876
0.751000	0.042685
0.752000	0.042495
0.753000	0.042305
0.754000	0.042115
0.755000	0.041925
0.756000	0.041736
0.757000	0.041547
0.758000	0.041358
0.759000	0.041169
0.760000	0.040981
0.761000	0.040792
0.762000	0.040604
0.763000	0.040416
0.764000	0.040229
0.765000	0.040041
0.766000	0.039854
0.767000	0.039667
0.768000	0.039480
0.769000	0.039294
0.770000	0.039107
0.771000	0.038921
0.772000	0.038735
0.773000	0.038550
0.774000	0.038364
0.775000	0.038179
0.776000	0.037994
0.777000	0.037809
0.778000	0.037624
0.779000	0.037440
0.780000	0.037255
0.781000	0.037071
0.782000	0.036887
0.783000	0.036704
0.784000	0.036520
0.785000	0.036337
0.786000	0.036154
0.787000	0.035971
0.788000	0.035788
0.789000	0.035606
0.790000	0.035424
0.791000	0.035242
0.792000	0.035060
0.793000	0.034878
0.794000	0.034696
0.795000	0.034515
0.796000	0.034334
0.797000	0.034153
0.798000	0.033972
0.799000	0.033792
0.800000	0.033611
0.801000	0.033431
0.802000	0.033251
0.803000	0.033071
0.804000	0.032892
0.805000	0.032712
0.806000	0.032533
0.807000	0.032354
0.808000	0.032175
0.809000	0.031996
0.810000	0.031817
0.811000	0.031639
0.812000	0.031461
0.813000	0.031283
0.814000	0.031105
0.815000	0.030927
0.816000	0.030749
0.817000	0.030572
0.818000	0.030395
0.819000	0.030218
0.820000	0.030041
0.821000	0.029864
0.822000	0.029688
0.823000	0.029511
0.824000	0.029335
0.825000	0.029159
0.826000	0.028983
0.827000	0.028807
0.828000	0.028632
0.829000	0.028456
0.830000	0.028281
0.831000	0.028106
0.832000	0.027931
0.833000	0.027756
0.834000	0.027581
0.835000	0.027407
0.836000	0.027233
0.837000	0.027058
0.838000	0.026884
0.839000	0.026710
0.840000	0.026537
0.841000	0.026363
0.842000	0.026190
0.843000	0.026016
0.844000	0.025843
0.845000	0.025670
0.846000	0.025497
0.847000	0.025324
0.848000	0.025152
0.849000	0.024979
0.850000	0.024807
0.851000	0.024635
0.852000	0.024463
0.853000	0.024291
0.854000	0.024119
0.855000	0.023947
0.856000	0.023776
0.857000	0.023605
0.858000	0.023433
0.859000	0.023262
0.860000	0.023091
0.861000	0.022920
0.862000	0.022750
0.863000	0.022579
0.864000	0.022408
0.865000	0.022238
0.866000	0.022068
0.867000	0.021898
0.868000	0.021728
0.869000	0.021558
0.870000	0.021388
0.871000	0.021219
0.872000	0.021049
0.873000	0.020880
0.874000	0.020710
0.875000	0.020541
0.876000	0.020372
0.877000	0.020203
0.878000	0.020034
0.879000	0.019866
0.880000	0.019697
0.881000	0.019529
0.882000	0.019360
0.883000	0.019192
0.884000	0.019024
0.885000	0.018856
0.886000	0.018688
0.887000	0.018520
0.888000	0.018352
0.889000	0.018185
0.890000	0.018017
0.891000	0.017850
0.892000	0.017682
0.893000	0.017515
0.894000	0.017348
0.895000	0.017181
0.896000	0.017014
0.897000	0.016847
0.898000	0.016680
0.899000	0.016514
0.900000	0.016347
0.901000	0.016181
0.902000	0.016014
0.903000	0.015848
0.904000	0.015682
0.905000	0.015516
0.906000	0.015350
0.907000	0.015184
0.908000	0.015018
0.909000	0.014852
0.910000	0.014686
0.911000	0.014521
0.912000	0.014355
0.913000	0.014190
0.914000	0.014024
0.915000	0.013859
0.916000	0.013694
0.917000	0.013529
0.918000	0.013364
0.919000	0.013199
0.920000	0.013034
0.921000	0.012869
0.922000	0.012704
0.923000	0.012539
0.924000	0.012375
0.925000	0.012210
0.926000	0.012046
0.927000	0.011881
0.928000	0.011717
0.929000	0.011553
0.930000	0.011388
0.931000	0.011224
0.932000	0.011060
0.933000	0.010896
0.934000	0.010732
0.935000	0.010568
0.936000	0.010404
0.937000	0.010241
0.938000	0.010077
0.939000	0.009913
0.940000	0.009750
0.941000	0.009586
0.942000	0.009423
0.943000	0.009259
0.944000	0.009096
0.945000	0.008932
0.946000	0.008769
0.947000	0.008606
0.948000	0.008443
0.949000	0.008279
0.950000	0.008116
0.951000	0.007953
0.952000	0.007790
0.953000	0.007627
0.954000	0.007464
0.955000	0.007301
0.956000	0.007139
0.957000	0.006976
0.958000	0.006813
0.959000	0.006650
0.960000	0.006488
0.961000	0.006325
0.962000	0.006162
0.963000	0.006000
0.964000	0.005837
0.965000	0.005675
0.966000	0.005512
0.967000	0.005350
0.968000	0.005187
0.969000	0.005025
0.970000	0.004862
0.971000	0.004700
0.972000	0.004538
0.973000	0.004376
0.974000	0.004213
0.975000	0.004051
0.976000	0.003889
0.977000	0.003727
0.978000	0.003564
0.979000	0.003402
0.980000	0.003240
0.981000	0.003078
0.982000	0.002916
0.983000	0.002754
0.984000	0.002592
0.985000	0.002430
0.986000	0.002268
0.987000	0.002106
0.988000	0.001944
0.989000	0.001782
0.990000	0.001620
0.991000	0.001458
0.992000	0.001296
0.993000	0.001134
0.994000	0.000972
0.995000	0.000810
0.996000	0.000648
0.997000	0.000486
0.998000	0.000324
0.999000	0.000162
1.000000	-0.000000
