#x		U
0.000000	0.080000
0.001000	0.079681
0.002000	0.079364
0.003000	0.079047
0.004000	0.078731
0.005000	0.078417
0.006000	0.078103
0.007000	0.077790
0.008000	0.077478
0.009000	0.077168
0.010000	0.076858
0.011000	0.076549
0.012000	0.076241
0.013000	0.075935
0.014000	0.075629
0.015000	0.075324
0.016000	0.075020
0.017000	0.074717
0.018000	0.074415
0.019000	0.074114
0.020000	0.073814
0.021000	0.073515
0.022000	0.073217
0.023000	0.072919
0.024000	0.072623
0.025000	0.072328
0.026000	0.072034
0.027000	0.071740
0.028000	0.071448
0.029000	0.071156
0.030000	0.070866
0.031000	0.070576
0.032000	0.070288
0.033000	0.070000
0.034000	0.069713
0.035000	0.069427
0.036000	0.069142
0.037000	0.068858
0.038000	0.068575
0.039000	0.068293
0.040000	0.068012
0.041000	0.067732
0.042000	0.067452
0.043000	0.067174
0.044000	0.066896
0.045000	0.066619
0.046000	0.066344
0.047000	0.066069
0.048000	0.065795
0.049000	0.065522
0.050000	0.065250
0.051000	0.064979
0.052000	0.064708
0.053000	0.064439
0.054000	0.064170
0.055000	0.063903
0.056000	0.063636
0.057000	0.063370
0.058000	0.063105
0.059000	0.062841
0.060000	0.062578
0.061000	0.062316
0.062000	0.062054
0.063000	0.061794
0.064000	0.061534
0.065000	0.061275
0.066000	0.061017
0.067000	0.060760
0.068000	0.060504
0.069000	0.060249
0.070000	0.059994
0.071000	0.059741
0.072000	0.059488
0.073000	0.059236
0.074000	0.058985
0.075000	0.058735
0.076000	0.058485
0.077000	0.058237
0.078000	0.057989
0.079000	0.057742
0.080000	0.057496
0.081000	0.057251
0.082000	0.057007
0.083000	0.056764
0.084000	0.056521
0.085000	0.056279
0.086000	0.056038
0.087000	0.055798
0.088000	0.055559
0.089000	0.055321
0.090000	0.055083
0.091000	0.054846
0.092000	0.054610
0.093000	0.054375
0.094000	0.054141
0.095000	0.053907
0.096000	0.053674
0.097000	0.053442
0.098000	0.053211
0.099000	0.052981
0.100000	0.052752
0.101000	0.052523
0.102000	0.052295
0.103000	0.052068
0.104000	0.051842
0.105000	0.051616
0.106000	0.051391
0.107000	0.051168
0.108000	0.050944
0.109000	0.050722
0.110000	0.050501
0.111000	0.050280
0.112000	0.050060
0.113000	0.049841
0.114000	0.049622
0.115000	0.049405
0.116000	0.049188
0.117000	0.048972
0.118000	0.048756
0.119000	0.048542
0.120000	0.048328
0.121000	0.048115
0.122000	0.047903
0.123000	0.047691
0.124000	0.047480
0.125000	0.047270
0.126000	0.047061
0.127000	0.046853
0.128000	0.046645
0.129000	0.046438
0.130000	0.046232
0.131000	0.046026
0.132000	0.045821
0.133000	0.045617
0.134000	0.045414
0.135000	0.045212
0.136000	0.045010
0.137000	0.044809
0.138000	0.044608
0.139000	0.044409
0.140000	0.044210
0.141000	0.044012
0.142000	0.043814
0.143000	0.043618
0.144000	0.043422
0.145000	0.043226
0.146000	0.043032
0.147000	0.042838
0.148000	0.042645
0.149000	0.042452
0.150000	0.042261
0.151000	0.042070
0.152000	0.041879
0.153000	0.041690
0.154000	0.041501
0.155000	0.041313
0.156000	0.041125
0.157000	0.040939
0.158000	0.040753
0.159000	0.040567
0.160000	0.040382
0.161000	0.040198
0.162000	0.040015
0.163000	0.039832
0.164000	0.039651
0.165000	0.039469
0.166000	0.039289
0.167000	0.039109
0.168000	0.038930
0.169000	0.038751
0.170000	0.038573
0.171000	0.038396
0.172000	0.038219
0.173000	0.038043
0.174000	0.037868
0.175000	0.037694
0.176000	0.037520
0.177000	0.037347
0.178000	0.037174
0.179000	0.037002
0.180000	0.036831
0.181000	0.036660
0.182000	0.036490
0.183000	0.036321
0.184000	0.036152
0.185000	0.035984
0.186000	0.035817
0.187000	0.035650
0.188000	0.035484
0.189000	0.035319
0.190000	0.035154
0.191000	0.034990
0.192000	0.034826
0.193000	0.034663
0.194000	0.034501
0.195000	0.034339
0.196000	0.034178
0.197000	0.034018
0.198000	0.033858
0.199000	0.033699
0.200000	0.033540
0.201000	0.033382
0.202000	0.033225
0.203000	0.033068
0.204000	0.032912
0.205000	0.032757
0.206000	0.032602
0.207000	0.032448
0.208000	0.032294
0.209000	0.032141
0.210000	0.031989
0.211000	0.031837
0.212000	0.031686
0.213000	0.031535
0.214000	0.031385
0.215000	0.031235
0.216000	0.031086
0.217000	0.030938
0.218000	0.030790
0.219000	0.030643
0.220000	0.030497
0.221000	0.030351
0.222000	0.030206
0.223000	0.030061
0.224000	0.029917
0.225000	0.029773
0.226000	0.029630
0.227000	0.029487
0.228000	0.029345
0.229000	0.029204
0.230000	0.029063
0.231000	0.028923
0.232000	0.028783
0.233000	0.028644
0.234000	0.028506
0.235000	0.028368
0.236000	0.028230
0.237000	0.028094
0.238000	0.027957
0.239000	0.027822
0.240000	0.027686
0.241000	0.027552
0.242000	0.027418
0.243000	0.027284
0.244000	0.027151
0.245000	0.027019
0.246000	0.026887
0.247000	0.026755
0.248000	0.026624
0.249000	0.026494
0.250000	0.026364
0.251000	0.026235
0.252000	0.026106
0.253000	0.025978
0.254000	0.025850
0.255000	0.025723
0.256000	0.025597
0.257000	0.025470
0.258000	0.025345
0.259000	0.025220
0.260000	0.025095
0.261000	0.024971
0.262000	0.024848
0.263000	0.024725
0.264000	0.024602
0.265000	0.024480
0.266000	0.024359
0.267000	0.024238
0.268000	0.024117
0.269000	0.023997
0.270000	0.023878
0.271000	0.023759
0.272000	0.023641
0.273000	0.023523
0.274000	0.023405
0.275000	0.023288
0.276000	0.023172
0.277000	0.023056
0.278000	0.022940
0.279000	0.022825
0.280000	0.022711
0.281000	0.022597
0.282000	0.022483
0.283000	0.022370
0.284000	0.022257
0.285000	0.022145
0.286000	0.022034
0.287000	0.021922
0.288000	0.021812
0.289000	0.021701
0.290000	0.021592
0.291000	0.021482
0.292000	0.021374
0.293000	0.021265
0.294000	0.021157
0.295000	0.021050
0.296000	0.020943
0.297000	0.020836
0.298000	0.020730
0.299000	0.020625
0.300000	0.020520
0.301000	0.020415
0.302000	0.020311
0.303000	0.020207
0.304000	0.020104
0.305000	0.020001
0.306000	0.019898
0.307000	0.019796
0.308000	0.019695
0.309000	0.019594
0.310000	0.019493
0.311000	0.019393
0.312000	0.019293
0.313000	0.019193
0.314000	0.019094
0.315000	0.018996
0.316000	0.018898
0.317000	0.018800
0.318000	0.018703
0.319000	0.018606
0.320000	0.018510
0.321000	0.018414
0.322000	0.018318
0.323000	0.018223
0.324000	0.018129
0.325000	0.018034
0.326000	0.017941
0.327000	0.017847
0.328000	0.017754
0.329000	0.017662
0.330000	0.017569
0.331000	0.017478
0.332000	0.017386
0.333000	0.017295
0.334000	0.017205
0.335000	0.017115
0.336000	0.017025
0.337000	0.016935
0.338000	0.016846
0.339000	0.016758
0.340000	0.016670
0.341000	0.016582
0.342000	0.016495
0.343000	0.016408
0.344000	0.016321
0.345000	0.016235
0.346000	0.016149
0.347000	0.016064
0.348000	0.015979
0.349000	0.015894
0.350000	0.015810
0.351000	0.015726
0.352000	0.015642
0.353000	0.015559
0.354000	0.015476
0.355000	0.015394
0.356000	0.015312
0.357000	0.015230
0.358000	0.015149
0.359000	0.015068
0.360000	0.014988
0.361000	0.014908
0.362000	0.014828
0.363000	0.014748
0.364000	0.014669
0.365000	0.014591
0.366000	0.014512
0.367000	0.014434
0.368000	0.014357
0.369000	0.014279
0.370000	0.014203
0.371000	0.014126
0.372000	0.014050
0.373000	0.013974
0.374000	0.013899
0.375000	0.013823
0.376000	0.013749
0.377000	0.013674
0.378000	0.013600
0.379000	0.013526
0.380000	0.013453
0.381000	0.013380
0.382000	0.013307
0.383000	0.013235
0.384000	0.013163
0.385000	0.013091
0.386000	0.013020
0.387000	0.012949
0.388000	0.012878
0.389000	0.012808
0.390000	0.012738
0.391000	0.012668
0.392000	0.012598
0.393000	0.012529
0.394000	0.012461
0.395000	0.012392
0.396000	0.012324
0.397000	0.012256
0.398000	0.012189
0.399000	0.012122
0.400000	0.012055
0.401000	0.011989
0.402000	0.011922
0.403000	0.011857
0.404000	0.011791
0.405000	0.011726
0.406000	0.011661
0.407000	0.011596
0.408000	0.011532
0.409000	0.011468
0.410000	0.011404
0.411000	0.011341
0.412000	0.011278
0.413000	0.011215
0.414000	0.011153
0.415000	0.011090
0.416000	0.011029
0.417000	0.010967
0.418000	0.010906
0.419000	0.010845
0.420000	0.010784
0.421000	0.010724
0.422000	0.010664
0.423000	0.010604
0.424000	0.010544
0.425000	0.010485
0.426000	0.010426
0.427000	0.010367
0.428000	0.010309
0.429000	0.010251
0.430000	0.010193
0.431000	0.010136
0.432000	0.010078
0.433000	0.010021
0.434000	0.009965
0.435000	0.009908
0.436000	0.009852
0.437000	0.009796
0.438000	0.009741
0.439000	0.009685
0.440000	0.009630
0.441000	0.009576
0.442000	0.009521
0.443000	0.009467
0.444000	0.009413
0.445000	0.009359
0.446000	0.009306
0.447000	0.009253
0.448000	0.009200
0.449000	0.009147
0.450000	0.009095
0.451000	0.009043
0.452000	0.008991
0.453000	0.008939
0.454000	0.008888
0.455000	0.008837
0.456000	0.008786
0.457000	0.008735
0.458000	0.008685
0.459000	0.008635
0.460000	0.008585
0.461000	0.008536
0.462000	0.008486
0.463000	0.008437
0.464000	0.008389
0.465000	0.008340
0.466000	0.008292
0.467000	0.008244
0.468000	0.008196
0.469000	0.008148
0.470000	0.008101
0.471000	0.008054
0.472000	0.008007
0.473000	0.007960
0.474000	0.007914
0.475000	0.007868
0.476000	0.007822
0.477000	0.007776
0.478000	0.007730
0.479000	0.007685
0.480000	0.007640
0.481000	0.007595
0.482000	0.007551
0.483000	0.007507
0.484000	0.007462
0.485000	0.007419
0.486000	0.007375
0.487000	0.007332
0.488000	0.007288
0.489000	0.007245
0.490000	0.007203
0.491000	0.007160
0.492000	0.007118
0.493000	0.007076
0.494000	0.007034
0.495000	0.006992
0.496000	0.006951
0.497000	0.006909
0.498000	0.006868
0.499000	0.006828
0.500000	0.006787
0.501000	0.006747
0.502000	0.006706
0.503000	0.006667
0.504000	0.006627
0.505000	0.006587
0.506000	0.006548
0.507000	0.006509
0.508000	0.006470
0.509000	0.006431
0.510000	0.006393
0.511000	0.006354
0.512000	0.006316
0.513000	0.006278
0.514000	0.006240
0.515000	0.006203
0.516000	0.006166
0.517000	0.006128
0.518000	0.006092
0.519000	0.006055
0.520000	0.006018
0.521000	0.005982
0.522000	0.005946
0.523000	0.005910
0.524000	0.005874
0.525000	0.005838
0.526000	0.005803
0.527000	0.005768
0.528000	0.005733
0.529000	0.005698
0.530000	0.005663
0.531000	0.005629
0.532000	0.005595
0.533000	0.005560
0.534000	0.005527
0.535000	0.005493
0.536000	0.005459
0.537000	0.005426
0.538000	0.005393
0.539000	0.005360
0.540000	0.005327
0.541000	0.005294
0.542000	0.005262
0.543000	0.005229
0.544000	0.005197
0.545000	0.005165
0.546000	0.005134
0.547000	0.005102
0.548000	0.005070
0.549000	0.005039
0.550000	0.005008
0.551000	0.004977
0.552000	0.004946
0.553000	0.004916
0.554000	0.004885
0.555000	0.004855
0.556000	0.004825
0.557000	0.004795
0.558000	0.004765
0.559000	0.004736
0.560000	0.004706
0.561000	0.004677
0.562000	0.004648
0.563000	0.004619
0.564000	0.004590
0.565000	0.004561
0.566000	0.004533
0.567000	0.004504
0.568000	0.004476
0.569000	0.004448
0.570000	0.004420
0.571000	0.004393
0.572000	0.004365
0.573000	0.004338
0.574000	0.004310
0.575000	0.004283
0.576000	0.004256
0.577000	0.004229
0.578000	0.004203
0.579000	0.004176
0.580000	0.004150
0.581000	0.004124
0.582000	0.004098
0.583000	0.004072
0.584000	0.004046
0.585000	0.004020
0.586000	0.003995
0.587000	0.003969
0.588000	0.003944
0.589000	0.003919
0.590000	0.003894
0.591000	0.003869
0.592000	0.003845
0.593000	0.003820
0.594000	0.003796
0.595000	0.003771
0.596000	0.003747
0.597000	0.003723
0.598000	0.003699
0.599000	0.003676
0.600000	0.003652
0.601000	0.003629
0.602000	0.003605
0.603000	0.003582
0.604000	0.003559
0.605000	0.003536
0.606000	0.003514
0.607000	0.003491
0.608000	0.003468
0.609000	0.003446
0.610000	0.003424
0.611000	0.003402
0.612000	0.003380
0.613000	0.003358
0.614000	0.003336
0.615000	0.003314
0.616000	0.003293
0.617000	0.003271
0.618000	0.003250
0.619000	0.003229
0.620000	0.003208
0.621000	0.003187
0.622000	0.003166
0.623000	0.003145
0.624000	0.003125
0.625000	0.003104
0.626000	0.003084
0.627000	0.003064
0.628000	0.003044
0.629000	0.003024
0.630000	0.003004
0.631000	0.002984
0.632000	0.002965
0.633000	0.002945
0.634000	0.002926
0.635000	0.002906
0.636000	0.002887
0.637000	0.002868
0.638000	0.002849
0.639000	0.002830
0.640000	0.002812
0.641000	0.002793
0.642000	0.002775
0.643000	0.002756
0.644000	0.002738
0.645000	0.002720
0.646000	0.002702
0.647000	0.002684
0.648000	0.002666
0.649000	0.002648
0.650000	0.002630
0.651000	0.002613
0.652000	0.002595
0.653000	0.002578
0.654000	0.002561
0.655000	0.002543
0.656000	0.002526
0.657000	0.002509
0.658000	0.002493
0.659000	0.002476
0.660000	0.002459
0.661000	0.002443
0.662000	0.002426
0.663000	0.002410
0.664000	0.002393
0.665000	0.002377
0.666000	0.002361
0.667000	0.002345
0.668000	0.002329
0.669000	0.002313
0.670000	0.002298
0.671000	0.002282
0.672000	0.002267
0.673000	0.002251
0.674000	0.002236
0.675000	0.002221
0.676000	0.002206
0.677000	0.002190
0.678000	0.002175
0.679000	0.002161
0.680000	0.002146
0.681000	0.002131
0.682000	0.002116
0.683000	0.002102
0.684000	0.002087
0.685000	0.002073
0.686000	0.002059
0.687000	0.002045
0.688000	0.002031
0.689000	0.002017
0.690000	0.002003
0.691000	0.001989
0.692000	0.001975
0.693000	0.001961
0.694000	0.001948
0.695000	0.001934
0.696000	0.001921
0.697000	0.001907
0.698000	0.001894
0.699000	0.001881
0.700000	0.001868
0.701000	0.001855
0.702000	0.001842
0.703000	0.001829
0.704000	0.001816
0.705000	0.001803
0.706000	0.001791
0.707000	0.001778
0.708000	0.001766
0.709000	0.001753
0.710000	0.001741
0.711000	0.001729
0.712000	0.001716
0.713000	0.001704
0.714000	0.001692
0.715000	0.001680
0.716000	0.001668
0.717000	0.001657
0.718000	0.001645
0.719000	0.001633
0.720000	0.001621
0.721000	0.001610
0.722000	0.001598
0.723000	0.001587
0.724000	0.001576
0.725000	0.001564
0.726000	0.001553
0.727000	0.001542
0.728000	0.001531
0.729000	0.001520
0.730000	0.001509
0.731000	0.001498
0.732000	0.001487
0.733000	0.001477
0.734000	0.001466
0.735000	0.001455
0.736000	0.001445
0.737000	0.001434
0.738000	0.001424
0.739000	0.001414
0.740000	0.001403
0.741000	0.001393
0.742000	0.001383
0.743000	0.001373
0.744000	0.001363
0.745000	0.001353
0.746000	0.001343
0.747000	0.001333
0.748000	0.001323
0.749000	0.001314
0.750000	0.001304
0.751000	0.001294
0.752000	0.001285
0.753000	0.001275
0.754000	0.001266
0.755000	0.001256
0.756000	0.001247
0.757000	0.001238
0.758000	0.001229
0.759000	0.001219
0.760000	0.001210
0.761000	0.001201
0.762000	0.001192
0.763000	0.001183
0.764000	0.001175
0.765000	0.001166
0.766000	0.001157
0.767000	0.001148
0.768000	0.001140
0.769000	0.001131
0.770000	0.001122
0.771000	0.001114
0.772000	0.001105
0.773000	0.001097
0.774000	0.001089
0.775000	0.001080
0.776000	0.001072
0.777000	0.001064
0.778000	0.001056
0.779000	0.001048
0.780000	0.001040
0.781000	0.001032
0.782000	0.001024
0.783000	0.001016
0.784000	0.001008
0.785000	0.001000
0.786000	0.000992
0.787000	0.000985
0.788000	0.000977
0.789000	0.000969
0.790000	0.000962
0.791000	0.000954
0.792000	0.000947
0.793000	0.000939
0.794000	0.000932
0.795000	0.000925
0.796000	0.000917
0.797000	0.000910
0.798000	0.000903
0.799000	0.000896
0.800000	0.000889
0.801000	0.000882
0.802000	0.000874
0.803000	0.000867
0.804000	0.000861
0.805000	0.000854
0.806000	0.000847
0.807000	0.000840
0.808000	0.000833
0.809000	0.000826
0.810000	0.000820
0.811000	0.000813
0.812000	0.000806
0.813000	0.000800
0.814000	0.000793
0.815000	0.000787
0.816000	0.000780
0.817000	0.000774
0.818000	0.000767
0.819000	0.000761
0.820000	0.000755
0.821000	0.000748
0.822000	0.000742
0.823000	0.000736
0.824000	0.000730
0.825000	0.000724
0.826000	0.000718
0.827000	0.000712
0.828000	0.000705
0.829000	0.000699
0.830000	0.000694
0.831000	0.000688
0.832000	0.000682
0.833000	0.000676
0.834000	0.000670
0.835000	0.000664
0.836000	0.000658
0.837000	0.000653
0.838000	0.000647
0.839000	0.000641
0.840000	0.000636
0.841000	0.000630
0.842000	0.000625
0.843000	0.000619
0.844000	0.000614
0.845000	0.000608
0.846000	0.000603
0.847000	0.000597
0.848000	0.000592
0.849000	0.000587
0.850000	0.000581
0.851000	0.000576
0.852000	0.000571
0.853000	0.000566
0.854000	0.000560
0.855000	0.000555
0.856000	0.000550
0.857000	0.000545
0.858000	0.000540
0.859000	0.000535
0.860000	0.000530
0.861000	0.000525
0.862000	0.000520
0.863000	0.000515
0.864000	0.000510
0.865000	0.000505
0.866000	0.000500
0.867000	0.000495
0.868000	0.000491
0.869000	0.000486
0.870000	0.000481
0.871000	0.000476
0.872000	0.000472
0.873000	0.000467
0.874000	0.000462
0.875000	0.000458
0.876000	0.000453
0.877000	0.000448
0.878000	0.000444
0.879000	0.000439
0.880000	0.000435
0.881000	0.000430
0.882000	0.000426
0.883000	0.000421
0.884000	0.000417
0.885000	0.000412
0.886000	0.000408
0.887000	0.000404
0.888000	0.000399
0.889000	0.000395
0.890000	0.000391
0.891000	0.000386
0.892000	0.000382
0.893000	0.000378
0.894000	0.000374
0.895000	0.000369
0.896000	0.000365
0.897000	0.000361
0.898000	0.000357
0.899000	0.000353
0.900000	0.000349
0.901000	0.000345
0.902000	0.000341
0.903000	0.000337
0.904000	0.000333
0.905000	0.000329
0.906000	0.000325
0.907000	0.000321
0.908000	0.000317
0.909000	0.000313
0.910000	0.000309
0.911000	0.000305
0.912000	0.000301
0.913000	0.000297
0.914000	0.000293
0.915000	0.000289
0.916000	0.000285
0.917000	0.000282
0.918000	0.000278
0.919000	0.000274
0.920000	0.000270
0.921000	0.000267
0.922000	0.000263
0.923000	0.000259
0.924000	0.000255
0.925000	0.000252
0.926000	0.000248
0.927000	0.000244
0.928000	0.000241
0.929000	0.000237
0.930000	0.000233
0.931000	0.000230
0.932000	0.000226
0.933000	0.000223
0.934000	0.000219
0.935000	0.000215
0.936000	0.000212
0.937000	0.000208
0.938000	0.000205
0.939000	0.000201
0.940000	0.000198
0.941000	0.000194
0.942000	0.000191
0.943000	0.000187
0.944000	0.000184
0.945000	0.000180
0.946000	0.000177
0.947000	0.000173
0.948000	0.000170
0.949000	0.000167
0.950000	0.000163
0.951000	0.000160
0.952000	0.000156
0.953000	0.000153
0.954000	0.000150
0.955000	0.000146
0.956000	0.000143
0.957000	0.000139
0.958000	0.000136
0.959000	0.000133
0.960000	0.000129
0.961000	0.000126
0.962000	0.000123
0.963000	0.000119
0.964000	0.000116
0.965000	0.000113
0.966000	0.000110
0.967000	0.000106
0.968000	0.000103
0.969000	0.000100
0.970000	0.000096
0.971000	0.000093
0.972000	0.000090
0.973000	0.000087
0.974000	0.000083
0.975000	0.000080
0.976000	0.000077
0.977000	0.000074
0.978000	0.000070
0.979000	0.000067
0.980000	0.000064
0.981000	0.000061
0.982000	0.000058
0.983000	0.000054
0.984000	0.000051
0.985000	0.000048
0.986000	0.000045
0.987000	0.000042
0.988000	0.000038
0.989000	0.000035
0.990000	0.000032
0.991000	0.000029
0.992000	0.000026
0.993000	0.000022
0.994000	0.000019
0.995000	0.000016
0.996000	0.000013
0.997000	0.000010
0.998000	0.000006
0.999000	0.000003
1.000000	0.000000
