x		f
0.000000	2.000000
0.010000	1.979326
0.020000	1.959062
0.030000	1.939200
0.040000	1.919734
0.050000	1.900656
0.060000	1.881960
0.070000	1.863638
0.080000	1.845683
0.090000	1.828089
0.100000	1.810849
0.110000	1.793955
0.120000	1.777401
0.130000	1.761180
0.140000	1.745284
0.150000	1.729708
0.160000	1.714444
0.170000	1.699485
0.180000	1.684825
0.190000	1.670457
0.200000	1.656374
0.210000	1.642570
0.220000	1.629038
0.230000	1.615772
0.240000	1.602764
0.250000	1.590010
0.260000	1.577501
0.270000	1.565233
0.280000	1.553198
0.290000	1.541391
0.300000	1.529805
0.310000	1.518434
0.320000	1.507272
0.330000	1.496313
0.340000	1.485551
0.350000	1.474980
0.360000	1.464595
0.370000	1.454390
0.380000	1.444359
0.390000	1.434497
0.400000	1.424798
0.410000	1.415256
0.420000	1.405866
0.430000	1.396624
0.440000	1.387523
0.450000	1.378559
0.460000	1.369727
0.470000	1.361021
0.480000	1.352437
0.490000	1.343970
0.500000	1.335616
0.510000	1.327369
0.520000	1.319225
0.530000	1.311179
0.540000	1.303228
0.550000	1.295367
0.560000	1.287592
0.570000	1.279898
0.580000	1.272282
0.590000	1.264740
0.600000	1.257267
0.610000	1.249861
0.620000	1.242517
0.630000	1.235232
0.640000	1.228002
0.650000	1.220825
0.660000	1.213696
0.670000	1.206612
0.680000	1.199571
0.690000	1.192568
0.700000	1.185603
0.710000	1.178670
0.720000	1.171769
0.730000	1.164895
0.740000	1.158047
0.750000	1.151222
0.760000	1.144417
0.770000	1.137631
0.780000	1.130860
0.790000	1.124103
0.800000	1.117358
0.810000	1.110622
0.820000	1.103894
0.830000	1.097173
0.840000	1.090455
0.850000	1.083740
0.860000	1.077026
0.870000	1.070311
0.880000	1.063595
0.890000	1.056875
0.900000	1.050151
0.910000	1.043421
0.920000	1.036685
0.930000	1.029940
0.940000	1.023187
0.950000	1.016424
0.960000	1.009650
0.970000	1.002865
0.980000	0.996068
0.990000	0.989259
